
97347 95455 95487 98343 81303 79621 91924 97566 99505 68246 81504 80967 95898 87236 92442 80149 94442 81861 103523 85233 103517 109254 99231 104430 78069 74501 77921 83475 84573 86225 72741 100979 
94026 94662 79262 98430 85513 79947 96737 88770 81362 66695 83950 69470 86264 83713 93350 74530 87940 79709 97376 74079 100194 91488 102458 101841 74608 73929 74609 75343 77765 79066 71421 105344 
87090 85290 86975 85139 66514 72541 84751 96701 86348 60850 79888 70720 91950 68234 95612 70741 82735 68775 97420 75925 90908 103070 86381 96741 69974 66126 72876 72625 79423 82737 75317 103931 
77688 82501 84897 91593 75606 77957 89670 85932 90593 65510 79083 69382 93043 81024 92359 70665 83176 75502 86240 81193 86178 97008 92814 90105 57165 65783 65532 70680 74973 84680 66078 95536 
92477 74534 91679 83689 68226 71321 84114 92837 87353 63898 79366 73399 83457 67498 84949 66175 81475 72536 93669 80991 86626 96184 89779 96973 73217 56755 67841 67501 82508 89479 59610 97921 
76489 83926 76376 90536 69851 72024 88805 84373 81695 57637 76928 57243 78964 72649 84859 66947 78231 79039 87466 72563 80089 88174 91888 91848 55219 60563 67479 56772 78112 81605 70609 85625 
79560 70769 81073 78402 61826 75543 89331 72168 74408 66186 73093 73476 79812 68687 80653 73621 79749 67359 83946 64492 79214 84213 81751 88808 57080 60945 63100 68052 74424 69019 61530 89207 
85006 93863 90918 104392 84803 77314 93940 87601 95652 72687 84083 71561 87196 86015 97419 77140 84416 81350 89723 76646 91435 94157 97022 92754 68484 61503 81211 72214 85604 84392 65282 98206 
91106 88302 90112 94572 84793 83662 99700 98303 92333 70944 87233 79520 90512 81397 93585 77392 91860 82029 97166 83124 102796 99097 93050 106082 74398 70942 62283 79549 88317 93222 77238 106203 
79225 74036 71099 74236 67885 61952 80076 70889 73972 52539 68026 55199 78723 67959 75562 64064 81610 66886 73705 67100 75183 78141 83222 81450 56602 54319 62008 58662 70811 78312 54866 81001 
85611 86507 87545 92390 80740 75991 98521 89374 92559 79158 80178 77563 88797 82415 93800 76746 93802 80741 93578 80983 99590 92637 100033 94127 72228 71259 70842 80081 82620 91588 74751 97166 
79881 75580 77563 81877 64111 73434 81729 72700 72781 58832 71992 71991 79466 65998 73704 60763 81321 64491 82338 68831 75490 75668 82451 86590 50307 54753 55894 61313 69329 76553 57376 83553 
85342 88529 87800 89999 71510 80310 87236 96849 87948 71656 79714 82542 93295 82671 93369 80300 84051 83405 99484 78560 98337 101922 97813 100627 73492 72891 75929 79120 83419 88918 71682 106996 
76523 68049 73784 87601 63110 58002 78787 74167 64901 58498 73264 48427 63660 67827 75578 66867 78733 68590 76845 68472 75192 74297 83095 79742 55672 58400 57901 50230 56878 75336 57466 79529 
91045 85397 91904 97873 84385 79237 86478 98263 93466 67402 80164 78797 91448 87134 102009 79624 91577 79075 101293 88271 102606 108866 94305 108759 74272 77622 62449 79608 89938 91135 70428 105105 
91528 89641 90019 106120 80296 82198 98407 88105 90766 74313 86499 83208 88569 83713 95430 84209 84414 75264 105610 76510 107166 93586 90028 102576 79396 65391 74410 74606 86504 88114 77639 105124 
85713 82636 76530 90255 76613 80283 86115 79378 81299 62568 76942 79191 83517 73207 85986 66204 76003 66912 92503 70749 92534 85362 90004 94649 67489 67179 63488 79043 81386 72958 67131 100052 
78373 73076 78250 80445 63595 68051 78266 86830 69705 64800 69381 68088 74116 64246 75344 60446 73139 65076 80893 76313 84301 77425 86217 86462 63848 64955 61792 68938 65470 76122 65212 89166 
93871 88395 89767 96642 80938 76097 91978 84812 84264 69584 76560 66781 86254 79321 87800 77467 87535 72277 88385 81229 93978 90935 93302 101667 69342 73167 79355 75929 87094 85859 72452 90131 
83915 85035 86591 89677 73340 77756 93466 87928 92175 61048 78678 73807 96582 72677 94728 68545 93520 70603 96069 75090 87751 95152 87754 95487 66392 60373 63988 76109 77851 84695 68016 94051 
94690 78043 86720 87927 72888 77808 94923 85413 82696 64335 81261 73225 84142 75468 90893 74722 83335 74709 92195 82272 87586 88743 91550 104030 62154 68065 66809 67506 91191 91086 73722 102699 
95513 103981 100810 102476 82934 86520 104276 104427 105359 77534 89410 81295 99893 88222 99239 82061 102381 82781 103222 90827 96292 106538 110693 108210 80625 74843 83373 92157 90669 102538 85237 104831 
77358 68908 81503 78060 64182 60327 82212 74184 72320 55597 67205 60443 75365 56003 80768 53856 70915 56807 83997 71096 72872 81211 83153 84126 63393 58321 60299 57231 68859 82045 62377 80240 
77200 78981 77270 82070 67397 66416 81075 72884 80633 59127 61344 65688 73525 63537 74750 60311 76285 58299 80200 56914 79605 76653 69945 78739 55862 52084 58920 63143 68679 71714 60252 74609 
98359 84835 97865 94311 74334 82380 89006 103246 88363 67707 86922 81201 90642 81502 93710 84089 93163 76543 101291 94159 95656 103020 100882 104487 84404 73737 76529 79802 80224 96377 69467 105509 
89131 90561 81674 96154 70356 78649 91185 85723 88198 66335 85037 78796 88033 80794 93721 72360 86685 72814 100648 73972 93034 94868 96264 102343 66558 64301 69629 74308 83790 85078 73740 102432 
82154 75496 86231 96982 70130 75716 88937 87503 88276 62187 77879 63431 81869 73085 89210 69953 83781 74041 83107 82773 84546 94523 87255 95624 57967 69630 68009 68682 71755 81060 68760 96864 
92317 101039 98859 99626 94893 82214 99114 97460 86414 71583 85504 69525 93929 91809 98638 76803 87344 83875 96093 83130 97283 99913 101570 105678 73529 68983 72968 81612 90286 87568 72071 104780 
76200 84803 75651 86037 77578 66379 84737 70619 81511 54796 60530 67298 70929 75308 77646 63715 66885 65175 74110 72892 78620 72213 81025 81300 59257 62620 64522 67029 74819 73131 63426 86165 
101354 88442 108455 108965 78830 84366 106993 93512 96319 76047 89593 82865 97257 82742 97610 80728 99921 82890 106066 93249 92540 100305 108837 112367 72306 70031 81877 75094 88330 105093 77889 102017 
97295 99588 95864 92207 82084 70794 92759 93697 90885 68252 79584 79447 89721 84767 91266 78101 92566 74049 90624 87545 91840 97403 96416 93362 75067 75268 73853 87134 78828 89498 69841 102619 
95308 96822 95353 103114 84308 84597 102603 89575 91379 65903 94847 70267 94827 85533 98351 78068 103758 80406 94038 83866 85498 97751 103538 102023 61542 62584 81892 68309 81873 96252 66539 102505 
