
16
34 22 19 59 10 29 40 11 99 35 9 91 16 48 99 60 
41 92 78 17 59 94 96 26 49 60 34 72 52 86 20 43 
18 33 81 27 24 66 87 76 47 20 15 66 30 10 40 25 
98 16 29 89 7 67 57 24 41 50 63 14 34 68 40 50 
36 4 91 40 44 56 87 74 76 97 49 2 23 14 6 88 
91 27 65 64 63 20 36 91 53 38 11 99 30 72 25 36 
100 62 3 4 45 39 51 41 66 13 5 41 96 97 80 67 
66 78 51 8 59 77 13 44 86 47 74 42 60 72 78 13 
92 20 96 9 86 26 60 13 4 98 41 70 16 2 86 8 
72 49 46 68 82 76 49 37 12 58 72 3 23 49 16 65 
94 53 43 58 78 5 48 58 79 76 40 61 26 82 29 25 
29 71 70 4 37 87 43 84 71 38 54 62 81 57 62 68 
96 90 11 2 22 37 54 40 84 100 51 98 93 96 24 28 
92 4 75 27 84 26 43 4 38 16 63 47 40 28 56 2 
20 19 32 79 2 58 66 27 13 6 12 85 2 10 31 31 
19 66 70 31 35 50 10 76 63 75 72 66 97 30 14 43 

16
26 83 63 40 26 43 81 16 30 57 62 71 29 61 23 41 
72 26 94 59 22 86 78 82 28 24 79 80 68 5 29 36 
44 50 91 85 81 9 10 37 73 73 62 22 98 67 15 69 
16 19 80 35 28 72 66 69 18 30 14 59 56 40 40 87 
8 49 28 94 17 11 6 51 12 100 6 55 88 80 35 89 
19 63 91 63 27 17 63 13 93 14 33 64 83 25 31 5 
20 28 18 67 96 82 35 55 21 40 13 35 65 64 23 8 
52 38 15 3 9 75 11 94 8 24 19 64 91 25 31 95 
54 26 66 85 35 26 7 75 78 81 99 72 47 85 64 98 
89 45 36 24 19 2 57 20 61 31 52 81 9 15 47 63 
83 76 35 74 42 22 78 69 63 44 41 63 7 90 85 31 
8 12 3 12 20 98 30 99 18 28 4 53 85 40 27 47 
54 33 53 47 36 54 14 63 94 100 42 21 1 93 95 43 
22 22 55 4 30 69 69 75 48 70 48 62 87 55 72 50 
85 74 41 32 99 20 61 15 58 14 2 37 8 86 76 39 
15 48 28 53 87 30 90 84 87 30 42 14 34 53 53 7 
