
32
97 30 41 4 81 55 15 69 54 72 12 24 50 37 59 78 70 46 61 63 1 63 58 11 94 98 34 84 81 89 90 93 
9 1 91 63 74 51 77 94 13 58 3 82 69 9 50 22 23 63 3 92 41 41 2 75 54 18 73 38 53 44 64 81 
48 38 18 9 91 65 56 51 10 79 12 89 51 50 21 73 31 37 73 6 10 69 63 83 45 10 18 93 31 60 45 8 
75 8 41 7 26 5 20 33 28 80 27 15 23 75 82 82 19 53 79 95 55 27 56 17 92 81 97 26 8 4 77 94 
46 7 64 9 80 23 1 72 71 68 16 42 18 44 47 79 2 54 49 72 97 75 99 19 82 72 18 34 23 93 36 35 
72 27 2 87 96 20 95 96 36 79 95 11 8 30 91 90 89 44 58 68 68 82 39 42 89 81 41 98 85 89 35 27 
85 89 57 100 23 3 66 40 11 45 65 14 40 48 21 80 7 24 64 37 35 32 19 70 45 71 39 21 46 30 12 1 
82 72 45 26 52 61 79 78 39 91 8 98 3 94 15 85 13 56 43 13 11 15 21 95 39 63 70 94 29 100 76 63 
43 21 96 63 13 24 92 16 57 36 21 28 92 5 12 40 50 30 13 25 11 73 20 9 87 75 3 88 67 93 68 51 
11 3 23 28 78 38 67 31 89 96 17 89 8 67 84 55 23 30 47 81 96 85 28 7 92 22 63 68 67 83 90 6 
47 18 22 61 92 59 94 39 50 48 26 19 31 43 3 40 56 3 33 13 97 16 85 23 15 40 84 82 41 90 16 75 
42 26 5 49 43 85 35 88 48 95 26 11 40 38 5 8 68 89 39 72 55 100 100 23 7 2 20 98 79 72 81 8 
41 16 33 6 22 94 45 1 48 5 75 8 63 6 95 11 32 56 18 28 49 59 79 80 13 3 6 3 39 75 20 87 
80 71 80 94 98 77 79 99 70 71 51 76 29 42 71 1 79 69 68 71 68 53 27 37 64 67 21 7 57 83 3 69 
18 67 8 30 10 3 27 10 93 16 77 97 14 54 70 34 66 87 75 46 40 89 16 4 53 14 3 100 78 58 29 46 
8 13 19 18 43 15 44 30 54 56 61 44 61 63 57 37 4 94 1 12 32 19 83 63 28 61 31 99 18 10 30 78 
57 40 7 14 84 5 14 59 12 71 59 73 91 100 98 7 98 75 28 23 57 71 62 31 92 15 69 71 64 26 70 29 
29 12 74 93 30 42 89 33 84 34 42 28 32 73 23 8 8 5 87 13 62 22 91 96 9 13 29 2 84 39 81 34 
50 18 78 85 53 4 21 23 77 12 64 72 19 3 94 44 85 20 53 40 72 91 100 82 65 90 75 99 84 55 23 62 
98 44 18 40 28 53 94 38 92 2 29 22 92 89 77 87 5 20 24 10 86 74 91 17 37 70 15 21 5 33 28 89 
9 37 82 59 76 25 88 26 17 63 87 47 36 75 62 44 34 66 7 52 9 79 95 28 28 41 9 49 38 34 20 91 
12 70 70 65 88 99 51 99 31 79 39 5 75 82 11 96 61 81 30 49 53 63 75 52 60 24 1 15 41 40 60 48 
27 13 98 32 97 3 100 9 71 98 69 68 36 77 83 55 1 14 33 71 5 90 61 89 17 26 79 70 82 70 6 7 
29 65 66 22 42 73 41 11 32 29 41 2 28 36 2 73 24 44 72 36 94 2 48 15 72 56 52 88 2 92 47 26 
82 51 22 85 40 26 92 98 31 75 72 21 26 51 60 74 58 43 87 21 51 21 64 38 21 12 74 95 85 19 44 91 
80 57 62 19 79 89 91 94 79 68 56 94 51 55 9 77 24 79 99 54 53 14 1 69 19 92 51 100 86 6 47 27 
68 34 98 12 18 66 16 67 41 69 39 77 94 27 41 48 30 17 78 47 15 58 19 93 11 20 33 71 2 21 14 65 
53 23 26 74 29 42 9 49 73 97 15 10 92 24 8 81 11 44 77 35 62 75 42 26 64 46 58 92 36 77 96 3 
29 30 23 63 21 44 44 75 90 36 30 21 85 49 62 9 56 49 65 40 57 100 27 92 7 20 44 66 33 33 12 75 
16 54 15 61 46 80 60 54 64 31 7 25 20 14 23 71 48 10 56 100 69 10 60 83 87 82 57 19 80 57 48 22 
91 91 76 34 28 99 28 31 89 53 21 56 54 43 40 73 92 37 19 76 46 31 66 90 13 66 48 61 34 61 87 16 
22 62 64 35 29 31 86 15 18 70 30 36 82 41 31 89 51 34 35 47 71 62 30 83 17 74 13 89 31 74 77 69 

32
1 0 0 0 0 0 0 0 0 0 0 0 0 0 0 0 0 0 0 0 0 0 0 0 0 0 0 0 0 0 0 0 
0 1 0 0 0 0 0 0 0 0 0 0 0 0 0 0 0 0 0 0 0 0 0 0 0 0 0 0 0 0 0 0 
0 0 1 0 0 0 0 0 0 0 0 0 0 0 0 0 0 0 0 0 0 0 0 0 0 0 0 0 0 0 0 0 
0 0 0 1 0 0 0 0 0 0 0 0 0 0 0 0 0 0 0 0 0 0 0 0 0 0 0 0 0 0 0 0 
0 0 0 0 1 0 0 0 0 0 0 0 0 0 0 0 0 0 0 0 0 0 0 0 0 0 0 0 0 0 0 0 
0 0 0 0 0 1 0 0 0 0 0 0 0 0 0 0 0 0 0 0 0 0 0 0 0 0 0 0 0 0 0 0 
0 0 0 0 0 0 1 0 0 0 0 0 0 0 0 0 0 0 0 0 0 0 0 0 0 0 0 0 0 0 0 0 
0 0 0 0 0 0 0 1 0 0 0 0 0 0 0 0 0 0 0 0 0 0 0 0 0 0 0 0 0 0 0 0 
0 0 0 0 0 0 0 0 1 0 0 0 0 0 0 0 0 0 0 0 0 0 0 0 0 0 0 0 0 0 0 0 
0 0 0 0 0 0 0 0 0 1 0 0 0 0 0 0 0 0 0 0 0 0 0 0 0 0 0 0 0 0 0 0 
0 0 0 0 0 0 0 0 0 0 1 0 0 0 0 0 0 0 0 0 0 0 0 0 0 0 0 0 0 0 0 0 
0 0 0 0 0 0 0 0 0 0 0 1 0 0 0 0 0 0 0 0 0 0 0 0 0 0 0 0 0 0 0 0 
0 0 0 0 0 0 0 0 0 0 0 0 1 0 0 0 0 0 0 0 0 0 0 0 0 0 0 0 0 0 0 0 
0 0 0 0 0 0 0 0 0 0 0 0 0 1 0 0 0 0 0 0 0 0 0 0 0 0 0 0 0 0 0 0 
0 0 0 0 0 0 0 0 0 0 0 0 0 0 1 0 0 0 0 0 0 0 0 0 0 0 0 0 0 0 0 0 
0 0 0 0 0 0 0 0 0 0 0 0 0 0 0 1 0 0 0 0 0 0 0 0 0 0 0 0 0 0 0 0 
0 0 0 0 0 0 0 0 0 0 0 0 0 0 0 0 1 0 0 0 0 0 0 0 0 0 0 0 0 0 0 0 
0 0 0 0 0 0 0 0 0 0 0 0 0 0 0 0 0 1 0 0 0 0 0 0 0 0 0 0 0 0 0 0 
0 0 0 0 0 0 0 0 0 0 0 0 0 0 0 0 0 0 1 0 0 0 0 0 0 0 0 0 0 0 0 0 
0 0 0 0 0 0 0 0 0 0 0 0 0 0 0 0 0 0 0 1 0 0 0 0 0 0 0 0 0 0 0 0 
0 0 0 0 0 0 0 0 0 0 0 0 0 0 0 0 0 0 0 0 1 0 0 0 0 0 0 0 0 0 0 0 
0 0 0 0 0 0 0 0 0 0 0 0 0 0 0 0 0 0 0 0 0 1 0 0 0 0 0 0 0 0 0 0 
0 0 0 0 0 0 0 0 0 0 0 0 0 0 0 0 0 0 0 0 0 0 1 0 0 0 0 0 0 0 0 0 
0 0 0 0 0 0 0 0 0 0 0 0 0 0 0 0 0 0 0 0 0 0 0 1 0 0 0 0 0 0 0 0 
0 0 0 0 0 0 0 0 0 0 0 0 0 0 0 0 0 0 0 0 0 0 0 0 1 0 0 0 0 0 0 0 
0 0 0 0 0 0 0 0 0 0 0 0 0 0 0 0 0 0 0 0 0 0 0 0 0 1 0 0 0 0 0 0 
0 0 0 0 0 0 0 0 0 0 0 0 0 0 0 0 0 0 0 0 0 0 0 0 0 0 1 0 0 0 0 0 
0 0 0 0 0 0 0 0 0 0 0 0 0 0 0 0 0 0 0 0 0 0 0 0 0 0 0 1 0 0 0 0 
0 0 0 0 0 0 0 0 0 0 0 0 0 0 0 0 0 0 0 0 0 0 0 0 0 0 0 0 1 0 0 0 
0 0 0 0 0 0 0 0 0 0 0 0 0 0 0 0 0 0 0 0 0 0 0 0 0 0 0 0 0 1 0 0 
0 0 0 0 0 0 0 0 0 0 0 0 0 0 0 0 0 0 0 0 0 0 0 0 0 0 0 0 0 0 1 0 
0 0 0 0 0 0 0 0 0 0 0 0 0 0 0 0 0 0 0 0 0 0 0 0 0 0 0 0 0 0 0 1 
