
64
32 18 85 71 28 51 37 25 62 43 73 70 41 55 10 68 78 63 35 15 5 51 70 92 86 61 100 55 42 31 34 97 6 71 94 68 67 76 49 12 86 63 38 85 10 9 91 58 85 86 98 62 47 23 40 90 1 20 5 26 84 13 70 15 
47 62 62 4 66 72 58 99 17 14 29 31 6 44 88 79 71 22 54 66 6 13 22 17 29 94 72 96 76 47 65 44 20 25 43 80 23 78 28 79 69 8 66 70 21 39 11 51 96 24 78 81 29 1 66 16 99 31 97 39 15 5 31 76 
12 59 4 48 3 82 59 12 46 22 17 91 54 22 74 1 9 31 66 88 5 48 18 69 62 99 88 84 72 67 12 3 68 53 97 80 84 81 16 66 82 91 98 34 14 66 52 23 18 51 58 50 30 88 96 58 59 35 5 83 88 62 17 89 
56 61 54 99 14 54 61 73 26 43 45 91 12 17 21 83 19 84 46 57 7 40 43 36 89 98 20 36 50 97 20 33 67 62 59 19 85 18 23 72 93 75 71 6 37 74 88 13 98 59 70 75 13 61 39 27 9 12 58 98 47 20 31 72 
54 1 76 70 92 75 99 4 48 70 74 46 84 6 95 55 2 31 18 65 67 57 60 22 67 94 57 14 15 60 20 11 88 12 85 37 75 67 79 81 86 45 36 96 90 99 13 48 1 53 30 71 26 11 18 87 98 23 39 76 89 24 29 27 
34 97 82 92 79 50 25 83 53 74 15 28 30 16 46 67 20 68 58 57 57 84 53 16 99 7 6 36 18 64 24 31 47 48 12 90 24 90 95 94 25 31 93 66 89 30 35 61 42 20 7 6 65 14 73 14 53 15 44 58 89 9 47 6 
40 20 1 77 69 33 11 33 67 16 60 90 91 59 78 82 7 9 91 24 65 20 18 53 5 42 87 34 31 66 97 3 49 29 58 15 15 35 64 26 31 19 62 95 99 33 12 14 85 68 48 65 78 95 61 41 86 80 21 35 11 87 9 11 
1 19 44 89 37 30 42 63 64 66 54 66 22 28 37 80 25 52 24 42 100 81 72 89 57 18 9 22 6 37 17 22 44 31 97 35 84 64 65 77 35 40 43 43 71 63 54 10 78 17 21 14 30 29 56 78 62 67 35 11 100 91 20 28 
91 64 75 77 11 60 20 31 71 86 55 46 67 2 61 30 78 44 49 3 13 3 14 93 76 71 27 2 48 69 82 97 70 46 81 22 15 23 25 31 21 11 25 55 69 21 88 73 53 8 74 7 32 76 48 87 60 34 65 47 83 35 67 92 
72 37 70 68 100 63 31 79 29 15 41 66 14 73 65 75 88 81 7 84 12 35 92 87 33 57 45 53 8 34 3 54 78 86 80 97 9 43 23 20 90 62 39 94 10 93 22 7 59 95 8 76 16 44 45 84 40 63 11 13 72 53 54 55 
24 9 62 78 63 28 47 66 28 45 39 76 72 21 18 15 29 79 89 44 85 12 70 41 16 45 55 75 58 25 81 39 37 44 16 98 85 68 52 97 24 47 74 68 24 13 80 73 59 20 5 71 63 58 1 27 18 82 85 3 95 24 6 86 
37 29 26 35 76 90 18 65 14 17 26 14 31 38 2 30 92 35 2 27 5 82 33 10 61 54 93 85 51 44 90 11 33 95 92 15 75 30 58 25 57 61 28 9 97 72 7 6 69 3 68 62 36 60 94 98 54 1 20 56 65 17 58 35 
57 35 26 20 99 37 14 2 42 53 61 35 34 37 87 53 50 28 73 89 59 49 44 99 25 56 52 46 21 85 64 46 100 67 60 52 100 74 100 56 40 57 55 26 60 35 62 30 54 82 74 100 15 44 43 24 29 82 62 65 76 42 66 72 
11 9 74 63 9 9 22 19 88 31 88 39 70 77 88 30 89 58 75 43 19 94 51 59 11 71 3 10 58 20 82 41 93 69 61 31 26 63 58 91 74 65 22 14 62 55 85 85 61 47 28 17 96 86 92 54 6 40 10 32 6 33 34 85 
43 54 99 46 64 95 78 7 45 7 67 46 13 70 73 95 87 69 34 12 9 52 22 30 7 68 34 5 65 39 41 71 13 28 14 90 71 77 24 77 6 35 81 85 2 69 5 28 21 5 11 66 95 40 29 46 97 99 77 19 19 73 18 72 
46 87 12 97 74 62 35 75 20 55 74 29 53 77 95 60 99 62 57 8 34 7 70 32 49 69 54 51 27 16 51 96 11 20 87 20 38 13 79 82 39 35 69 99 96 96 60 98 17 44 22 81 9 20 63 82 31 75 29 97 57 59 23 87 
99 78 77 30 67 2 28 13 73 1 38 71 32 8 85 55 30 16 36 87 81 91 62 1 62 77 81 77 14 6 14 60 91 5 4 89 76 81 82 22 56 79 69 37 76 5 80 83 14 37 46 12 17 81 49 25 55 61 44 27 82 6 36 65 
94 9 71 75 17 83 77 63 44 52 34 76 42 57 95 98 70 27 11 62 90 57 78 94 13 45 25 34 48 17 5 24 5 59 65 21 87 47 45 98 22 1 17 58 58 14 72 92 26 71 13 95 83 67 95 51 97 4 89 12 41 45 97 58 
43 19 24 79 86 62 18 53 94 64 22 65 89 4 25 52 61 12 75 56 17 4 18 46 58 10 42 87 64 6 57 63 21 43 95 21 89 90 28 92 23 47 97 6 75 61 29 11 84 54 41 12 88 71 58 93 37 64 9 43 94 27 27 3 
7 21 14 38 81 9 72 53 30 14 78 73 31 39 60 97 90 97 3 81 67 16 63 13 33 93 34 50 83 80 48 73 92 100 29 44 18 7 76 6 26 56 46 45 10 65 94 82 36 6 65 65 63 67 45 94 71 54 38 31 54 81 29 14 
60 21 4 1 63 15 5 25 44 93 31 20 75 44 34 34 66 68 83 93 27 61 79 63 63 29 27 25 39 27 76 30 21 54 87 62 88 9 52 56 11 5 14 84 95 27 22 60 15 68 98 73 20 13 11 18 80 68 54 29 48 57 27 65 
100 1 7 63 74 13 7 75 44 73 24 42 46 10 98 74 43 52 28 37 5 88 49 21 83 75 92 91 22 55 52 63 92 86 74 63 5 59 64 72 82 64 71 86 79 33 28 86 67 94 42 36 23 21 67 9 91 52 92 47 88 86 57 71 
71 64 49 72 8 60 46 98 91 46 49 27 50 49 17 49 95 98 25 40 21 64 70 54 13 65 53 48 35 21 9 79 41 19 77 52 84 72 8 8 88 80 1 95 92 53 1 15 58 59 11 71 20 13 66 64 85 70 61 40 2 16 75 37 
63 95 12 56 40 29 40 31 55 20 51 76 13 22 44 75 45 37 17 74 48 41 92 18 94 21 15 13 63 31 25 6 21 97 32 52 93 77 29 63 96 53 38 39 88 74 83 86 4 16 8 12 8 99 50 30 56 64 95 84 2 79 54 46 
90 59 23 64 30 39 27 36 34 88 88 76 74 39 80 49 2 80 63 35 9 51 45 50 76 78 100 17 77 43 62 88 67 80 27 67 16 52 54 85 22 67 36 31 31 97 69 58 67 38 45 45 34 6 10 67 18 32 8 67 17 24 13 2 
11 13 95 59 55 95 26 52 100 89 38 31 58 30 8 17 52 62 36 32 8 47 79 36 1 25 14 76 28 29 3 54 99 44 99 54 58 28 27 43 67 19 30 29 67 40 31 100 97 82 27 38 94 6 18 87 34 17 30 66 90 82 92 21 
70 20 22 21 42 19 5 39 11 48 96 94 39 70 97 81 69 60 62 24 33 60 26 82 20 96 49 54 23 79 9 79 85 50 34 47 66 17 77 19 13 28 36 48 66 41 65 38 25 19 33 5 37 96 99 23 16 15 77 36 86 1 12 39 
96 69 18 78 31 81 21 37 77 39 3 99 43 20 61 53 44 8 48 19 25 42 100 76 74 49 7 67 47 35 94 23 10 41 6 40 76 83 14 79 62 90 59 13 75 19 44 43 99 38 63 84 25 46 59 49 29 70 11 53 47 81 12 45 
64 58 78 15 50 4 5 39 89 20 53 36 41 27 38 63 17 17 18 77 39 93 35 20 13 83 14 16 70 84 88 30 45 41 99 69 73 39 68 43 98 57 82 37 94 42 63 71 51 77 1 58 72 18 56 100 15 47 82 37 3 3 12 70 
2 73 47 90 8 92 13 20 56 98 56 72 25 47 75 61 77 51 48 75 79 98 46 36 79 54 73 48 11 2 70 61 74 31 51 20 91 48 14 73 87 62 73 49 71 31 62 62 62 62 48 95 78 88 30 49 72 57 53 33 65 30 16 34 
22 17 87 53 99 66 13 4 36 65 8 96 4 96 8 10 63 26 31 72 33 56 30 95 23 67 8 63 42 78 37 59 66 33 84 3 16 54 81 55 11 20 52 92 7 53 34 41 63 28 51 12 85 46 3 29 48 92 5 96 93 14 48 74 
17 7 12 68 65 97 58 67 39 30 15 75 1 30 22 26 99 7 38 76 10 51 37 49 86 5 92 42 47 19 35 52 7 93 65 69 47 90 47 88 73 63 20 95 49 96 89 11 2 99 10 43 27 70 85 85 69 69 68 34 36 84 13 73 
29 77 50 13 66 41 18 66 88 47 7 29 56 98 16 6 25 37 29 47 29 83 65 38 86 8 47 52 99 81 62 16 99 71 18 26 37 66 6 88 53 7 96 36 65 28 85 96 12 48 77 6 83 15 31 12 17 78 24 35 84 22 98 67 
89 13 43 86 12 34 79 44 59 94 91 62 61 91 42 65 98 84 13 62 30 37 29 15 97 96 79 41 49 4 97 12 61 41 12 94 52 48 69 24 55 21 80 9 36 2 65 36 40 30 49 37 17 93 13 91 87 69 4 44 87 94 7 8 
38 50 25 34 61 65 45 25 45 95 63 94 57 21 32 67 89 61 13 12 1 80 30 51 70 38 44 41 69 45 5 83 30 65 33 46 46 48 33 11 60 52 92 25 28 53 54 20 18 49 44 18 10 97 91 48 23 34 89 48 37 15 97 32 
5 5 38 54 24 5 98 49 21 56 99 62 67 49 7 60 90 30 36 41 15 60 46 66 46 21 80 1 43 78 28 57 56 18 55 69 19 92 5 81 3 32 100 81 91 1 63 55 26 97 29 51 24 66 38 97 58 87 9 23 12 50 39 92 
99 80 81 24 93 42 80 45 11 35 92 17 99 17 30 9 5 73 9 41 27 81 79 33 75 49 13 87 44 25 100 10 9 28 62 3 53 98 48 86 100 13 89 87 57 82 48 29 96 11 17 87 9 60 77 69 2 54 46 58 42 45 53 87 
83 61 95 10 45 48 6 52 23 75 53 63 77 23 21 60 59 21 73 89 41 92 76 70 67 10 78 81 23 62 100 3 9 72 92 37 54 93 41 58 52 92 62 37 8 81 21 83 45 13 45 94 61 87 48 41 53 50 63 27 38 2 11 5 
65 47 46 91 39 44 80 94 18 64 42 53 42 43 48 80 59 23 18 76 81 60 2 83 5 5 67 83 84 43 57 79 22 40 67 73 69 57 77 82 41 20 36 10 10 69 38 71 68 45 26 89 58 7 76 7 23 35 9 88 28 68 69 47 
74 59 45 31 19 100 55 47 35 47 67 57 85 3 59 82 93 73 87 78 52 69 7 92 30 57 52 39 47 42 17 66 70 10 54 69 2 86 2 89 1 29 45 67 46 30 44 35 81 27 63 39 66 29 99 17 6 53 14 48 57 8 100 31 
53 63 20 43 9 6 2 72 2 79 25 61 14 81 91 63 69 53 36 55 9 51 89 67 60 2 90 51 49 50 46 8 88 78 77 96 69 61 7 63 51 35 11 86 48 100 30 98 17 97 37 64 32 12 43 30 52 37 92 32 88 69 55 27 
30 45 83 58 54 98 37 72 59 68 23 37 85 40 59 40 76 95 41 84 24 27 63 30 1 92 84 66 77 39 55 30 60 50 73 43 7 77 40 73 56 71 65 29 32 100 40 65 54 45 46 28 52 96 48 94 20 94 42 78 97 50 74 55 
81 72 31 88 13 66 32 43 31 38 89 67 7 56 100 44 53 77 95 56 53 28 61 52 8 100 26 16 67 2 41 11 22 88 93 80 31 14 61 66 99 20 95 7 31 97 30 90 26 78 44 51 7 42 68 70 90 56 77 12 80 2 14 45 
35 65 75 97 62 12 39 57 28 65 100 25 2 90 60 88 24 65 69 15 1 70 32 53 18 76 21 86 71 42 50 43 95 67 77 65 77 1 15 42 48 82 2 48 60 11 13 51 49 16 94 34 95 25 81 5 95 100 95 41 50 54 10 55 
34 54 11 66 93 27 95 75 40 6 82 94 80 52 45 2 29 6 23 85 91 57 75 69 17 94 24 71 62 83 80 38 46 47 77 34 97 52 61 85 51 38 5 97 51 78 12 100 17 68 13 28 94 69 74 27 10 89 10 22 33 88 18 84 
9 61 51 57 51 80 19 36 79 36 13 46 65 4 2 4 57 64 66 11 59 70 70 57 79 6 43 23 91 33 10 89 27 41 97 77 24 29 79 96 12 22 4 49 21 19 3 11 16 53 35 1 72 18 55 48 99 66 21 61 75 35 10 84 
33 21 92 52 94 93 48 100 99 12 84 33 95 58 67 89 83 19 20 52 29 44 85 20 91 82 98 6 62 17 69 6 42 3 26 64 77 79 29 89 12 16 51 48 37 33 79 42 73 11 74 2 71 28 49 65 74 62 73 16 72 79 6 92 
67 83 77 47 32 4 32 7 78 40 76 92 64 4 89 73 27 36 95 48 42 95 1 78 22 8 29 37 96 37 71 84 76 15 99 86 56 99 24 34 18 19 83 54 11 8 82 96 40 98 33 34 25 12 94 57 99 54 32 62 34 16 47 58 
92 17 2 88 25 68 9 18 7 82 11 42 11 92 71 21 65 62 83 27 49 59 49 36 62 23 61 78 27 87 14 64 64 1 5 79 82 100 23 79 14 16 82 16 79 80 38 97 46 19 92 81 13 93 48 20 55 72 12 56 91 63 52 52 
31 41 47 5 15 89 66 72 63 9 35 87 29 45 29 12 18 93 90 66 58 17 45 48 81 80 65 15 45 39 9 76 58 71 14 67 85 45 38 90 1 37 54 25 21 34 23 85 73 65 20 43 31 79 86 98 1 27 44 37 86 51 61 26 
65 22 73 81 96 56 71 61 68 13 8 80 56 75 63 78 61 77 42 56 57 72 21 84 66 49 29 80 17 83 21 94 94 51 12 87 87 17 29 85 93 68 15 93 6 73 95 17 87 72 32 4 96 31 97 56 85 47 9 96 15 28 95 14 
52 13 27 77 43 72 77 61 32 35 40 56 50 10 26 35 82 47 46 73 51 72 26 32 90 16 94 87 32 25 60 48 93 52 70 94 20 9 9 63 60 72 99 48 13 49 64 32 68 32 60 33 34 24 20 4 36 44 37 8 91 26 25 2 
70 80 37 39 16 93 55 29 14 33 57 3 54 95 49 79 89 14 94 77 31 53 91 30 72 52 15 2 92 24 60 14 54 66 76 28 70 67 5 40 85 66 92 3 10 66 21 18 14 81 88 81 63 14 47 72 1 83 78 30 41 26 7 93 
46 77 15 65 92 55 21 8 22 81 70 89 57 57 52 59 71 10 94 77 33 32 32 64 51 78 64 40 83 84 32 18 65 38 67 42 71 90 61 85 33 16 97 85 46 9 78 83 75 44 17 48 11 13 18 40 8 71 59 68 9 95 77 39 
24 71 90 2 30 15 15 22 49 71 71 2 33 72 67 6 66 16 71 32 13 40 13 73 14 96 65 1 44 30 41 38 27 26 61 10 6 22 6 12 23 72 98 6 51 12 23 16 46 24 94 19 92 77 89 70 69 40 65 81 91 45 92 40 
33 47 41 14 6 43 21 80 2 77 72 79 40 37 47 69 1 62 32 86 44 97 19 77 66 60 90 34 60 69 97 1 58 40 100 86 79 59 82 55 86 1 64 58 11 98 37 56 11 14 87 61 4 19 69 40 16 35 90 41 99 76 22 17 
48 39 96 14 80 62 76 72 73 57 98 3 85 27 90 42 13 62 69 63 81 4 13 12 61 9 28 70 33 57 66 52 96 8 68 41 6 50 19 66 77 84 46 90 89 100 75 27 34 48 12 26 26 94 81 13 26 51 84 40 94 5 57 5 
97 33 35 65 29 41 99 8 38 50 28 14 60 70 50 11 60 79 91 40 96 75 43 35 1 27 86 25 53 66 59 81 92 4 35 32 24 90 28 75 57 20 80 60 38 3 13 34 64 20 2 14 90 78 97 70 30 32 78 51 55 95 1 88 
56 64 19 47 44 1 58 79 22 16 86 65 38 78 59 3 12 30 20 44 45 12 9 49 13 19 52 31 88 88 9 2 83 90 23 29 48 23 38 68 12 60 82 15 53 80 12 99 64 65 7 9 41 32 42 37 40 6 85 33 10 26 76 3 
21 17 95 24 69 15 10 94 100 64 84 22 78 11 99 2 64 10 34 15 33 66 60 6 62 72 67 72 24 96 26 6 52 41 35 22 46 82 23 76 77 3 57 48 18 82 46 64 50 7 26 80 45 95 22 96 85 21 3 90 4 67 52 33 
37 90 91 9 96 38 54 75 64 81 15 75 52 14 76 5 85 98 89 81 47 38 26 47 6 22 18 45 67 81 8 6 2 85 59 83 38 45 13 51 100 98 55 5 33 10 9 84 19 51 76 78 80 95 63 6 12 38 46 82 32 96 52 82 
95 73 19 32 69 7 10 68 22 79 22 92 52 14 69 27 64 29 59 51 95 10 58 90 47 57 45 33 99 48 2 92 88 31 32 66 25 74 19 26 49 11 79 12 78 50 76 32 22 88 90 35 46 40 69 83 49 100 13 82 6 47 80 2 
8 97 8 75 81 76 82 28 99 78 33 27 19 55 83 32 78 80 70 52 97 84 53 73 8 14 4 100 95 19 5 78 75 5 41 9 90 84 38 16 41 25 78 83 22 40 72 62 87 54 17 72 21 54 98 88 8 39 16 81 86 67 93 61 
34 83 37 34 7 51 23 64 5 22 57 50 44 98 64 100 82 85 97 24 94 75 60 52 58 12 67 31 72 72 27 23 85 85 90 35 1 4 77 21 43 40 57 46 80 31 7 84 62 41 24 88 3 14 92 32 22 32 88 51 53 57 25 44 

64
1 0 0 0 0 0 0 0 0 0 0 0 0 0 0 0 0 0 0 0 0 0 0 0 0 0 0 0 0 0 0 0 0 0 0 0 0 0 0 0 0 0 0 0 0 0 0 0 0 0 0 0 0 0 0 0 0 0 0 0 0 0 0 0 
0 1 0 0 0 0 0 0 0 0 0 0 0 0 0 0 0 0 0 0 0 0 0 0 0 0 0 0 0 0 0 0 0 0 0 0 0 0 0 0 0 0 0 0 0 0 0 0 0 0 0 0 0 0 0 0 0 0 0 0 0 0 0 0 
0 0 1 0 0 0 0 0 0 0 0 0 0 0 0 0 0 0 0 0 0 0 0 0 0 0 0 0 0 0 0 0 0 0 0 0 0 0 0 0 0 0 0 0 0 0 0 0 0 0 0 0 0 0 0 0 0 0 0 0 0 0 0 0 
0 0 0 1 0 0 0 0 0 0 0 0 0 0 0 0 0 0 0 0 0 0 0 0 0 0 0 0 0 0 0 0 0 0 0 0 0 0 0 0 0 0 0 0 0 0 0 0 0 0 0 0 0 0 0 0 0 0 0 0 0 0 0 0 
0 0 0 0 1 0 0 0 0 0 0 0 0 0 0 0 0 0 0 0 0 0 0 0 0 0 0 0 0 0 0 0 0 0 0 0 0 0 0 0 0 0 0 0 0 0 0 0 0 0 0 0 0 0 0 0 0 0 0 0 0 0 0 0 
0 0 0 0 0 1 0 0 0 0 0 0 0 0 0 0 0 0 0 0 0 0 0 0 0 0 0 0 0 0 0 0 0 0 0 0 0 0 0 0 0 0 0 0 0 0 0 0 0 0 0 0 0 0 0 0 0 0 0 0 0 0 0 0 
0 0 0 0 0 0 1 0 0 0 0 0 0 0 0 0 0 0 0 0 0 0 0 0 0 0 0 0 0 0 0 0 0 0 0 0 0 0 0 0 0 0 0 0 0 0 0 0 0 0 0 0 0 0 0 0 0 0 0 0 0 0 0 0 
0 0 0 0 0 0 0 1 0 0 0 0 0 0 0 0 0 0 0 0 0 0 0 0 0 0 0 0 0 0 0 0 0 0 0 0 0 0 0 0 0 0 0 0 0 0 0 0 0 0 0 0 0 0 0 0 0 0 0 0 0 0 0 0 
0 0 0 0 0 0 0 0 1 0 0 0 0 0 0 0 0 0 0 0 0 0 0 0 0 0 0 0 0 0 0 0 0 0 0 0 0 0 0 0 0 0 0 0 0 0 0 0 0 0 0 0 0 0 0 0 0 0 0 0 0 0 0 0 
0 0 0 0 0 0 0 0 0 1 0 0 0 0 0 0 0 0 0 0 0 0 0 0 0 0 0 0 0 0 0 0 0 0 0 0 0 0 0 0 0 0 0 0 0 0 0 0 0 0 0 0 0 0 0 0 0 0 0 0 0 0 0 0 
0 0 0 0 0 0 0 0 0 0 1 0 0 0 0 0 0 0 0 0 0 0 0 0 0 0 0 0 0 0 0 0 0 0 0 0 0 0 0 0 0 0 0 0 0 0 0 0 0 0 0 0 0 0 0 0 0 0 0 0 0 0 0 0 
0 0 0 0 0 0 0 0 0 0 0 1 0 0 0 0 0 0 0 0 0 0 0 0 0 0 0 0 0 0 0 0 0 0 0 0 0 0 0 0 0 0 0 0 0 0 0 0 0 0 0 0 0 0 0 0 0 0 0 0 0 0 0 0 
0 0 0 0 0 0 0 0 0 0 0 0 1 0 0 0 0 0 0 0 0 0 0 0 0 0 0 0 0 0 0 0 0 0 0 0 0 0 0 0 0 0 0 0 0 0 0 0 0 0 0 0 0 0 0 0 0 0 0 0 0 0 0 0 
0 0 0 0 0 0 0 0 0 0 0 0 0 1 0 0 0 0 0 0 0 0 0 0 0 0 0 0 0 0 0 0 0 0 0 0 0 0 0 0 0 0 0 0 0 0 0 0 0 0 0 0 0 0 0 0 0 0 0 0 0 0 0 0 
0 0 0 0 0 0 0 0 0 0 0 0 0 0 1 0 0 0 0 0 0 0 0 0 0 0 0 0 0 0 0 0 0 0 0 0 0 0 0 0 0 0 0 0 0 0 0 0 0 0 0 0 0 0 0 0 0 0 0 0 0 0 0 0 
0 0 0 0 0 0 0 0 0 0 0 0 0 0 0 1 0 0 0 0 0 0 0 0 0 0 0 0 0 0 0 0 0 0 0 0 0 0 0 0 0 0 0 0 0 0 0 0 0 0 0 0 0 0 0 0 0 0 0 0 0 0 0 0 
0 0 0 0 0 0 0 0 0 0 0 0 0 0 0 0 1 0 0 0 0 0 0 0 0 0 0 0 0 0 0 0 0 0 0 0 0 0 0 0 0 0 0 0 0 0 0 0 0 0 0 0 0 0 0 0 0 0 0 0 0 0 0 0 
0 0 0 0 0 0 0 0 0 0 0 0 0 0 0 0 0 1 0 0 0 0 0 0 0 0 0 0 0 0 0 0 0 0 0 0 0 0 0 0 0 0 0 0 0 0 0 0 0 0 0 0 0 0 0 0 0 0 0 0 0 0 0 0 
0 0 0 0 0 0 0 0 0 0 0 0 0 0 0 0 0 0 1 0 0 0 0 0 0 0 0 0 0 0 0 0 0 0 0 0 0 0 0 0 0 0 0 0 0 0 0 0 0 0 0 0 0 0 0 0 0 0 0 0 0 0 0 0 
0 0 0 0 0 0 0 0 0 0 0 0 0 0 0 0 0 0 0 1 0 0 0 0 0 0 0 0 0 0 0 0 0 0 0 0 0 0 0 0 0 0 0 0 0 0 0 0 0 0 0 0 0 0 0 0 0 0 0 0 0 0 0 0 
0 0 0 0 0 0 0 0 0 0 0 0 0 0 0 0 0 0 0 0 1 0 0 0 0 0 0 0 0 0 0 0 0 0 0 0 0 0 0 0 0 0 0 0 0 0 0 0 0 0 0 0 0 0 0 0 0 0 0 0 0 0 0 0 
0 0 0 0 0 0 0 0 0 0 0 0 0 0 0 0 0 0 0 0 0 1 0 0 0 0 0 0 0 0 0 0 0 0 0 0 0 0 0 0 0 0 0 0 0 0 0 0 0 0 0 0 0 0 0 0 0 0 0 0 0 0 0 0 
0 0 0 0 0 0 0 0 0 0 0 0 0 0 0 0 0 0 0 0 0 0 1 0 0 0 0 0 0 0 0 0 0 0 0 0 0 0 0 0 0 0 0 0 0 0 0 0 0 0 0 0 0 0 0 0 0 0 0 0 0 0 0 0 
0 0 0 0 0 0 0 0 0 0 0 0 0 0 0 0 0 0 0 0 0 0 0 1 0 0 0 0 0 0 0 0 0 0 0 0 0 0 0 0 0 0 0 0 0 0 0 0 0 0 0 0 0 0 0 0 0 0 0 0 0 0 0 0 
0 0 0 0 0 0 0 0 0 0 0 0 0 0 0 0 0 0 0 0 0 0 0 0 1 0 0 0 0 0 0 0 0 0 0 0 0 0 0 0 0 0 0 0 0 0 0 0 0 0 0 0 0 0 0 0 0 0 0 0 0 0 0 0 
0 0 0 0 0 0 0 0 0 0 0 0 0 0 0 0 0 0 0 0 0 0 0 0 0 1 0 0 0 0 0 0 0 0 0 0 0 0 0 0 0 0 0 0 0 0 0 0 0 0 0 0 0 0 0 0 0 0 0 0 0 0 0 0 
0 0 0 0 0 0 0 0 0 0 0 0 0 0 0 0 0 0 0 0 0 0 0 0 0 0 1 0 0 0 0 0 0 0 0 0 0 0 0 0 0 0 0 0 0 0 0 0 0 0 0 0 0 0 0 0 0 0 0 0 0 0 0 0 
0 0 0 0 0 0 0 0 0 0 0 0 0 0 0 0 0 0 0 0 0 0 0 0 0 0 0 1 0 0 0 0 0 0 0 0 0 0 0 0 0 0 0 0 0 0 0 0 0 0 0 0 0 0 0 0 0 0 0 0 0 0 0 0 
0 0 0 0 0 0 0 0 0 0 0 0 0 0 0 0 0 0 0 0 0 0 0 0 0 0 0 0 1 0 0 0 0 0 0 0 0 0 0 0 0 0 0 0 0 0 0 0 0 0 0 0 0 0 0 0 0 0 0 0 0 0 0 0 
0 0 0 0 0 0 0 0 0 0 0 0 0 0 0 0 0 0 0 0 0 0 0 0 0 0 0 0 0 1 0 0 0 0 0 0 0 0 0 0 0 0 0 0 0 0 0 0 0 0 0 0 0 0 0 0 0 0 0 0 0 0 0 0 
0 0 0 0 0 0 0 0 0 0 0 0 0 0 0 0 0 0 0 0 0 0 0 0 0 0 0 0 0 0 1 0 0 0 0 0 0 0 0 0 0 0 0 0 0 0 0 0 0 0 0 0 0 0 0 0 0 0 0 0 0 0 0 0 
0 0 0 0 0 0 0 0 0 0 0 0 0 0 0 0 0 0 0 0 0 0 0 0 0 0 0 0 0 0 0 1 0 0 0 0 0 0 0 0 0 0 0 0 0 0 0 0 0 0 0 0 0 0 0 0 0 0 0 0 0 0 0 0 
0 0 0 0 0 0 0 0 0 0 0 0 0 0 0 0 0 0 0 0 0 0 0 0 0 0 0 0 0 0 0 0 1 0 0 0 0 0 0 0 0 0 0 0 0 0 0 0 0 0 0 0 0 0 0 0 0 0 0 0 0 0 0 0 
0 0 0 0 0 0 0 0 0 0 0 0 0 0 0 0 0 0 0 0 0 0 0 0 0 0 0 0 0 0 0 0 0 1 0 0 0 0 0 0 0 0 0 0 0 0 0 0 0 0 0 0 0 0 0 0 0 0 0 0 0 0 0 0 
0 0 0 0 0 0 0 0 0 0 0 0 0 0 0 0 0 0 0 0 0 0 0 0 0 0 0 0 0 0 0 0 0 0 1 0 0 0 0 0 0 0 0 0 0 0 0 0 0 0 0 0 0 0 0 0 0 0 0 0 0 0 0 0 
0 0 0 0 0 0 0 0 0 0 0 0 0 0 0 0 0 0 0 0 0 0 0 0 0 0 0 0 0 0 0 0 0 0 0 1 0 0 0 0 0 0 0 0 0 0 0 0 0 0 0 0 0 0 0 0 0 0 0 0 0 0 0 0 
0 0 0 0 0 0 0 0 0 0 0 0 0 0 0 0 0 0 0 0 0 0 0 0 0 0 0 0 0 0 0 0 0 0 0 0 1 0 0 0 0 0 0 0 0 0 0 0 0 0 0 0 0 0 0 0 0 0 0 0 0 0 0 0 
0 0 0 0 0 0 0 0 0 0 0 0 0 0 0 0 0 0 0 0 0 0 0 0 0 0 0 0 0 0 0 0 0 0 0 0 0 1 0 0 0 0 0 0 0 0 0 0 0 0 0 0 0 0 0 0 0 0 0 0 0 0 0 0 
0 0 0 0 0 0 0 0 0 0 0 0 0 0 0 0 0 0 0 0 0 0 0 0 0 0 0 0 0 0 0 0 0 0 0 0 0 0 1 0 0 0 0 0 0 0 0 0 0 0 0 0 0 0 0 0 0 0 0 0 0 0 0 0 
0 0 0 0 0 0 0 0 0 0 0 0 0 0 0 0 0 0 0 0 0 0 0 0 0 0 0 0 0 0 0 0 0 0 0 0 0 0 0 1 0 0 0 0 0 0 0 0 0 0 0 0 0 0 0 0 0 0 0 0 0 0 0 0 
0 0 0 0 0 0 0 0 0 0 0 0 0 0 0 0 0 0 0 0 0 0 0 0 0 0 0 0 0 0 0 0 0 0 0 0 0 0 0 0 1 0 0 0 0 0 0 0 0 0 0 0 0 0 0 0 0 0 0 0 0 0 0 0 
0 0 0 0 0 0 0 0 0 0 0 0 0 0 0 0 0 0 0 0 0 0 0 0 0 0 0 0 0 0 0 0 0 0 0 0 0 0 0 0 0 1 0 0 0 0 0 0 0 0 0 0 0 0 0 0 0 0 0 0 0 0 0 0 
0 0 0 0 0 0 0 0 0 0 0 0 0 0 0 0 0 0 0 0 0 0 0 0 0 0 0 0 0 0 0 0 0 0 0 0 0 0 0 0 0 0 1 0 0 0 0 0 0 0 0 0 0 0 0 0 0 0 0 0 0 0 0 0 
0 0 0 0 0 0 0 0 0 0 0 0 0 0 0 0 0 0 0 0 0 0 0 0 0 0 0 0 0 0 0 0 0 0 0 0 0 0 0 0 0 0 0 1 0 0 0 0 0 0 0 0 0 0 0 0 0 0 0 0 0 0 0 0 
0 0 0 0 0 0 0 0 0 0 0 0 0 0 0 0 0 0 0 0 0 0 0 0 0 0 0 0 0 0 0 0 0 0 0 0 0 0 0 0 0 0 0 0 1 0 0 0 0 0 0 0 0 0 0 0 0 0 0 0 0 0 0 0 
0 0 0 0 0 0 0 0 0 0 0 0 0 0 0 0 0 0 0 0 0 0 0 0 0 0 0 0 0 0 0 0 0 0 0 0 0 0 0 0 0 0 0 0 0 1 0 0 0 0 0 0 0 0 0 0 0 0 0 0 0 0 0 0 
0 0 0 0 0 0 0 0 0 0 0 0 0 0 0 0 0 0 0 0 0 0 0 0 0 0 0 0 0 0 0 0 0 0 0 0 0 0 0 0 0 0 0 0 0 0 1 0 0 0 0 0 0 0 0 0 0 0 0 0 0 0 0 0 
0 0 0 0 0 0 0 0 0 0 0 0 0 0 0 0 0 0 0 0 0 0 0 0 0 0 0 0 0 0 0 0 0 0 0 0 0 0 0 0 0 0 0 0 0 0 0 1 0 0 0 0 0 0 0 0 0 0 0 0 0 0 0 0 
0 0 0 0 0 0 0 0 0 0 0 0 0 0 0 0 0 0 0 0 0 0 0 0 0 0 0 0 0 0 0 0 0 0 0 0 0 0 0 0 0 0 0 0 0 0 0 0 1 0 0 0 0 0 0 0 0 0 0 0 0 0 0 0 
0 0 0 0 0 0 0 0 0 0 0 0 0 0 0 0 0 0 0 0 0 0 0 0 0 0 0 0 0 0 0 0 0 0 0 0 0 0 0 0 0 0 0 0 0 0 0 0 0 1 0 0 0 0 0 0 0 0 0 0 0 0 0 0 
0 0 0 0 0 0 0 0 0 0 0 0 0 0 0 0 0 0 0 0 0 0 0 0 0 0 0 0 0 0 0 0 0 0 0 0 0 0 0 0 0 0 0 0 0 0 0 0 0 0 1 0 0 0 0 0 0 0 0 0 0 0 0 0 
0 0 0 0 0 0 0 0 0 0 0 0 0 0 0 0 0 0 0 0 0 0 0 0 0 0 0 0 0 0 0 0 0 0 0 0 0 0 0 0 0 0 0 0 0 0 0 0 0 0 0 1 0 0 0 0 0 0 0 0 0 0 0 0 
0 0 0 0 0 0 0 0 0 0 0 0 0 0 0 0 0 0 0 0 0 0 0 0 0 0 0 0 0 0 0 0 0 0 0 0 0 0 0 0 0 0 0 0 0 0 0 0 0 0 0 0 1 0 0 0 0 0 0 0 0 0 0 0 
0 0 0 0 0 0 0 0 0 0 0 0 0 0 0 0 0 0 0 0 0 0 0 0 0 0 0 0 0 0 0 0 0 0 0 0 0 0 0 0 0 0 0 0 0 0 0 0 0 0 0 0 0 1 0 0 0 0 0 0 0 0 0 0 
0 0 0 0 0 0 0 0 0 0 0 0 0 0 0 0 0 0 0 0 0 0 0 0 0 0 0 0 0 0 0 0 0 0 0 0 0 0 0 0 0 0 0 0 0 0 0 0 0 0 0 0 0 0 1 0 0 0 0 0 0 0 0 0 
0 0 0 0 0 0 0 0 0 0 0 0 0 0 0 0 0 0 0 0 0 0 0 0 0 0 0 0 0 0 0 0 0 0 0 0 0 0 0 0 0 0 0 0 0 0 0 0 0 0 0 0 0 0 0 1 0 0 0 0 0 0 0 0 
0 0 0 0 0 0 0 0 0 0 0 0 0 0 0 0 0 0 0 0 0 0 0 0 0 0 0 0 0 0 0 0 0 0 0 0 0 0 0 0 0 0 0 0 0 0 0 0 0 0 0 0 0 0 0 0 1 0 0 0 0 0 0 0 
0 0 0 0 0 0 0 0 0 0 0 0 0 0 0 0 0 0 0 0 0 0 0 0 0 0 0 0 0 0 0 0 0 0 0 0 0 0 0 0 0 0 0 0 0 0 0 0 0 0 0 0 0 0 0 0 0 1 0 0 0 0 0 0 
0 0 0 0 0 0 0 0 0 0 0 0 0 0 0 0 0 0 0 0 0 0 0 0 0 0 0 0 0 0 0 0 0 0 0 0 0 0 0 0 0 0 0 0 0 0 0 0 0 0 0 0 0 0 0 0 0 0 1 0 0 0 0 0 
0 0 0 0 0 0 0 0 0 0 0 0 0 0 0 0 0 0 0 0 0 0 0 0 0 0 0 0 0 0 0 0 0 0 0 0 0 0 0 0 0 0 0 0 0 0 0 0 0 0 0 0 0 0 0 0 0 0 0 1 0 0 0 0 
0 0 0 0 0 0 0 0 0 0 0 0 0 0 0 0 0 0 0 0 0 0 0 0 0 0 0 0 0 0 0 0 0 0 0 0 0 0 0 0 0 0 0 0 0 0 0 0 0 0 0 0 0 0 0 0 0 0 0 0 1 0 0 0 
0 0 0 0 0 0 0 0 0 0 0 0 0 0 0 0 0 0 0 0 0 0 0 0 0 0 0 0 0 0 0 0 0 0 0 0 0 0 0 0 0 0 0 0 0 0 0 0 0 0 0 0 0 0 0 0 0 0 0 0 0 1 0 0 
0 0 0 0 0 0 0 0 0 0 0 0 0 0 0 0 0 0 0 0 0 0 0 0 0 0 0 0 0 0 0 0 0 0 0 0 0 0 0 0 0 0 0 0 0 0 0 0 0 0 0 0 0 0 0 0 0 0 0 0 0 0 1 0 
0 0 0 0 0 0 0 0 0 0 0 0 0 0 0 0 0 0 0 0 0 0 0 0 0 0 0 0 0 0 0 0 0 0 0 0 0 0 0 0 0 0 0 0 0 0 0 0 0 0 0 0 0 0 0 0 0 0 0 0 0 0 0 1 
