
128
64 86 93 41 79 23 10 34 97 46 18 67 9 65 7 80 75 6 80 2 49 14 94 14 100 30 99 22 65 50 81 69 32 98 75 23 73 61 34 67 42 35 73 10 68 36 33 21 37 7 96 95 54 24 88 10 4 4 64 98 32 49 58 5 71 33 23 44 23 4 55 2 96 26 31 24 49 13 24 9 95 15 1 11 74 90 4 98 17 45 53 15 85 94 32 56 73 1 68 62 53 40 100 90 58 10 36 64 8 17 79 9 43 35 44 32 59 89 71 83 91 55 5 39 56 74 90 22 
37 31 38 79 38 100 2 83 34 40 97 34 57 7 74 83 50 27 68 89 11 72 63 34 46 67 93 81 33 21 29 99 65 50 26 53 8 88 43 1 94 24 13 90 92 88 62 97 84 42 9 57 88 28 2 82 6 32 48 69 55 6 91 83 59 100 15 51 45 81 46 24 79 93 49 100 28 100 42 46 16 88 36 66 64 88 15 94 99 95 98 15 51 74 35 70 60 53 53 61 18 31 15 68 37 35 28 48 70 58 90 89 24 66 40 27 68 61 47 36 20 23 63 11 97 80 22 20 
44 6 81 47 82 29 67 50 16 31 70 70 74 86 31 20 50 100 77 96 47 23 85 71 70 73 28 66 29 17 66 25 27 74 1 29 47 44 25 80 32 17 55 83 48 18 28 34 11 34 31 17 39 61 25 95 85 97 72 70 31 53 22 46 88 3 44 71 7 15 62 39 8 56 60 17 55 19 93 51 23 74 47 10 30 4 80 35 5 66 31 64 74 27 54 69 16 90 3 53 75 23 92 72 1 65 20 53 45 40 82 99 41 83 64 51 29 51 37 21 74 76 10 37 20 23 11 56 
67 94 32 75 55 56 9 53 7 52 67 56 84 63 64 30 91 79 19 25 64 11 28 12 67 16 68 91 11 99 48 57 65 60 46 13 99 41 21 28 22 84 62 4 29 16 50 68 31 71 38 38 47 67 97 32 5 98 65 16 48 48 33 30 42 63 21 63 83 50 74 3 46 85 92 91 88 32 97 65 94 26 47 39 81 76 1 42 37 57 18 78 46 45 79 94 94 29 30 38 66 61 98 20 50 68 73 59 56 87 8 9 12 68 66 1 52 33 75 28 84 18 74 63 47 63 9 32 
56 46 4 92 30 87 1 18 76 5 18 38 47 28 95 16 89 15 6 38 34 79 96 15 73 33 9 38 5 25 95 98 33 23 39 71 73 55 97 1 30 91 62 99 27 44 50 7 97 1 11 83 20 90 86 55 99 73 24 18 65 89 13 75 69 96 24 97 16 31 52 72 61 79 41 34 85 98 10 60 47 26 49 85 57 17 83 5 25 38 86 69 59 19 60 79 72 88 10 44 98 19 5 5 84 12 51 14 29 27 54 60 52 75 20 75 11 89 99 47 52 49 51 70 3 93 4 90 
25 48 9 99 81 68 9 31 53 59 81 29 19 42 10 88 60 91 17 32 100 37 92 35 52 54 44 53 1 56 59 56 78 83 94 33 7 30 58 86 22 7 83 50 66 28 15 54 23 11 60 18 34 70 96 83 33 20 43 26 8 98 19 21 85 22 100 100 45 32 99 3 84 41 35 61 72 8 16 8 65 59 31 44 67 3 63 45 70 44 94 85 69 79 87 33 3 52 91 3 79 10 81 48 35 1 15 99 23 20 41 25 77 18 8 70 80 57 47 32 77 73 37 74 81 39 15 100 
60 18 91 90 81 42 38 50 39 14 54 46 24 65 63 81 20 29 30 72 72 96 54 59 72 84 35 50 57 52 28 67 83 56 21 97 10 73 77 41 32 1 20 3 2 93 97 19 26 19 98 6 61 55 99 40 40 45 52 87 68 37 33 40 42 25 60 72 12 30 86 50 49 41 70 86 71 60 71 81 31 13 39 80 17 11 43 18 5 75 76 42 37 84 46 28 3 74 85 79 49 43 66 3 35 67 91 92 93 57 57 74 3 87 41 50 33 51 21 73 58 22 92 88 3 62 96 4 
7 42 99 98 42 16 92 30 67 6 99 67 22 57 8 2 53 44 92 20 21 64 53 13 97 91 79 43 31 6 22 38 98 30 34 93 59 30 20 53 90 7 3 41 96 36 51 5 23 44 37 78 9 17 63 46 20 78 45 81 1 33 44 4 20 89 82 41 91 69 51 34 23 78 74 24 7 9 27 19 27 37 15 25 16 51 60 48 28 66 23 52 49 94 23 37 20 36 68 36 84 60 96 95 53 14 12 10 65 68 54 81 82 96 30 47 80 77 59 60 61 32 80 90 62 86 34 4 
20 70 7 19 68 72 43 58 35 3 78 41 37 47 31 25 7 56 47 78 23 84 57 84 95 44 4 82 13 44 97 43 6 53 75 19 24 76 29 14 98 27 27 43 70 47 31 52 28 2 21 32 22 68 60 93 5 25 84 55 67 9 73 85 3 2 13 38 92 25 97 47 70 19 43 55 5 51 72 94 35 49 8 43 72 64 86 24 41 87 66 95 66 1 41 30 39 91 88 38 92 38 7 45 19 74 71 33 98 12 21 52 26 67 89 57 27 81 99 79 21 39 61 65 14 7 85 42 
77 20 96 86 35 48 59 60 44 41 86 49 25 57 86 20 67 48 7 4 85 2 5 28 30 9 38 77 97 59 69 53 55 12 26 37 51 23 2 76 54 63 20 23 17 20 56 64 58 13 98 31 4 52 26 1 95 84 31 91 53 31 74 23 39 12 97 97 86 74 59 77 58 70 37 59 23 45 94 79 73 2 63 30 94 62 58 100 42 73 99 87 80 64 83 48 6 92 57 49 13 22 3 43 66 50 30 41 48 13 44 24 54 82 29 45 48 5 75 24 33 11 99 57 52 17 65 56 
32 79 10 93 83 90 44 90 26 21 50 37 45 16 94 61 79 74 16 67 49 93 67 100 38 23 77 78 38 80 62 40 28 25 97 81 10 79 12 31 60 48 78 95 93 49 13 49 30 61 44 6 99 45 97 94 23 25 15 4 89 53 64 22 80 39 13 45 16 28 11 12 18 62 88 84 19 85 77 12 24 80 90 18 20 22 10 33 96 24 85 76 79 13 39 63 6 89 51 33 55 86 88 10 94 12 18 82 6 67 8 6 48 27 93 41 85 27 61 45 67 80 54 51 66 76 97 52 
63 30 98 73 57 41 71 70 82 77 68 19 55 84 76 87 96 85 22 96 90 33 46 90 14 87 50 31 27 97 28 43 43 43 2 14 10 88 32 66 79 19 28 9 22 60 24 11 58 66 39 55 15 55 13 60 55 50 65 38 30 5 68 58 42 35 39 82 24 95 19 8 84 98 88 78 83 30 77 98 35 35 2 2 59 86 83 11 72 8 52 6 91 7 95 16 23 99 18 54 25 76 65 3 71 59 32 36 98 34 69 100 91 52 63 42 80 21 23 35 22 18 21 89 81 44 35 68 
24 91 34 91 27 76 6 22 42 10 66 77 46 53 82 69 98 64 68 21 48 97 14 21 28 67 19 17 58 71 56 68 15 86 83 99 28 26 60 39 78 10 68 76 33 79 8 90 27 44 95 41 24 62 42 55 56 93 43 76 100 13 4 99 5 16 22 4 17 20 25 89 23 80 1 20 41 39 13 45 24 20 12 84 87 31 45 90 32 60 95 61 4 70 5 9 38 11 2 76 33 98 72 44 93 95 30 51 47 38 48 15 99 79 49 12 39 33 3 83 61 25 66 88 54 81 98 46 
61 48 99 41 2 41 22 4 75 56 10 24 10 19 70 49 37 65 36 8 30 99 38 80 79 100 77 85 53 63 96 90 59 70 22 34 70 69 38 37 91 23 25 43 44 67 84 26 54 47 57 63 2 6 88 67 26 88 11 32 59 3 57 53 21 71 6 74 2 77 28 43 99 75 55 92 83 42 39 57 73 17 30 91 45 33 1 95 14 50 76 21 46 30 56 83 1 39 15 31 18 65 12 54 96 52 77 75 44 7 63 88 56 22 65 51 4 37 67 75 54 69 80 96 11 47 74 20 
60 19 37 56 58 11 55 3 46 51 90 9 3 39 58 30 93 71 1 51 46 14 24 25 99 54 88 81 38 99 37 77 61 47 29 49 9 28 100 84 16 92 95 60 84 17 42 54 85 27 71 83 89 99 55 88 33 73 63 53 95 1 52 60 38 14 70 58 89 11 67 26 80 86 46 9 67 62 10 74 100 11 69 55 71 37 85 44 80 45 26 98 37 14 35 10 61 36 69 15 24 86 89 26 44 34 33 89 83 69 35 93 42 3 22 19 17 79 21 37 100 18 27 25 41 2 15 68 
67 23 97 100 67 61 77 42 53 95 40 78 17 75 100 51 18 2 43 84 3 50 43 43 20 66 48 87 35 72 99 4 68 36 18 42 90 13 51 100 55 86 38 5 9 87 1 52 5 36 14 68 29 17 79 38 41 46 29 86 67 69 71 24 40 66 92 19 16 30 80 26 97 47 2 51 51 26 78 68 20 22 42 72 10 17 38 62 31 13 36 76 73 16 28 31 34 23 76 92 55 71 7 78 5 41 31 39 19 48 52 68 8 36 63 85 84 33 67 23 62 9 35 24 5 6 77 92 
67 43 85 70 73 37 56 43 97 57 50 12 44 84 50 86 60 73 74 37 9 18 63 25 10 66 17 81 38 75 70 77 96 55 31 11 51 35 28 76 70 74 85 96 11 7 81 55 99 58 66 45 26 68 32 73 51 77 3 13 1 66 71 85 43 43 19 89 93 14 2 67 52 92 52 30 92 96 31 12 48 2 59 42 34 18 60 5 100 89 72 67 74 27 89 48 4 46 16 94 23 97 2 67 43 9 61 38 43 72 66 51 72 42 70 75 47 77 11 55 10 8 100 7 57 51 11 66 
77 33 18 64 48 13 96 28 78 71 86 92 40 62 94 5 3 74 6 39 3 96 23 25 33 27 60 13 38 34 2 67 28 23 50 54 34 34 33 2 31 54 98 44 15 35 69 71 45 45 71 48 24 32 50 17 61 68 14 13 88 83 5 15 63 97 27 32 27 3 4 37 76 59 90 30 83 31 89 44 34 68 34 61 52 16 92 93 53 75 61 51 68 75 40 70 20 94 33 17 32 73 78 18 26 38 20 70 81 1 66 83 81 74 85 22 16 21 87 23 75 16 50 87 58 97 39 28 
43 7 72 11 68 35 70 55 29 6 42 64 65 1 54 50 63 52 51 23 63 59 25 34 57 13 35 29 90 78 83 14 14 56 17 65 13 22 72 65 68 100 4 28 11 97 19 4 28 49 77 72 31 17 37 90 4 53 27 2 84 50 91 86 48 48 63 43 93 9 56 92 69 79 13 63 14 90 72 37 28 38 77 25 38 88 100 19 24 6 30 44 11 20 31 1 64 52 39 25 58 9 39 49 18 32 5 47 24 95 38 69 51 46 58 90 61 75 69 49 88 69 81 12 65 40 16 84 
19 55 28 12 74 78 12 78 80 30 80 77 75 30 48 60 89 26 52 51 28 51 8 40 14 97 7 11 88 31 33 89 5 74 14 78 29 43 47 89 83 42 99 34 56 87 50 62 65 22 92 48 19 99 97 16 48 34 32 59 81 57 86 70 50 80 73 88 65 40 97 89 62 23 81 76 43 67 100 63 80 65 1 34 33 44 57 69 75 50 77 26 27 21 20 82 53 2 78 18 8 83 21 85 55 22 10 49 95 46 35 15 34 80 64 75 28 13 23 55 19 3 53 31 100 36 26 40 
51 60 28 93 40 17 59 19 100 11 63 12 62 71 98 38 63 50 59 57 6 47 8 30 4 77 36 5 54 54 40 66 81 29 51 23 59 5 63 94 74 49 78 4 10 30 17 81 38 80 32 10 64 22 99 83 57 45 63 66 70 66 43 75 16 77 68 98 86 8 94 82 25 25 58 51 60 89 61 94 73 65 51 84 13 25 100 32 43 75 97 45 76 72 58 83 3 65 66 57 92 69 95 83 1 14 96 92 20 82 77 27 10 26 14 77 87 49 23 30 99 18 30 22 24 81 25 70 
57 5 53 55 7 66 83 69 54 17 50 15 50 53 25 58 2 7 15 67 4 25 61 30 59 22 18 93 50 73 56 84 25 4 74 98 41 51 89 72 75 26 71 56 29 23 74 69 65 43 73 85 74 30 81 15 31 57 78 70 9 3 80 5 64 59 28 37 59 22 21 60 21 20 72 3 91 47 75 38 54 59 73 39 51 11 31 32 61 48 49 13 14 100 32 77 98 58 11 8 17 12 31 97 88 7 28 56 90 94 20 43 31 70 90 25 16 89 71 99 59 50 8 66 94 67 65 76 
51 44 15 94 83 64 20 47 76 84 7 67 63 4 14 59 22 49 64 82 100 96 70 95 78 1 17 21 62 49 69 15 23 85 61 97 84 27 95 42 16 3 5 37 38 88 8 97 24 95 96 4 89 99 12 31 70 1 7 51 57 62 18 32 77 42 28 1 98 92 45 79 50 43 19 44 94 71 62 31 9 29 12 31 21 43 55 57 91 7 99 46 66 97 64 36 19 99 93 32 23 89 68 48 84 37 64 89 28 12 49 68 44 94 2 49 53 79 37 80 69 99 79 79 32 55 33 68 
19 27 59 75 76 90 74 79 63 13 92 17 61 48 87 80 39 27 54 99 97 100 9 44 95 80 26 71 84 75 99 30 54 91 58 22 29 40 87 30 67 86 44 58 63 23 71 39 36 56 43 33 85 37 64 25 7 47 12 24 70 1 14 64 3 46 50 21 73 27 5 95 80 28 59 22 59 52 42 81 84 28 13 87 64 31 8 64 71 51 74 92 90 91 72 69 48 73 24 97 18 42 74 61 21 72 69 3 60 27 18 11 99 52 64 82 76 61 59 99 92 1 75 74 99 71 51 48 
7 40 63 60 94 86 49 19 83 6 3 11 100 13 30 27 69 27 61 80 7 16 45 71 77 64 7 89 7 9 67 71 69 6 43 68 18 2 99 91 90 73 48 69 25 50 18 66 82 42 63 35 2 24 41 16 8 97 22 3 72 82 18 37 26 24 5 95 94 71 71 64 74 78 56 85 44 49 3 61 65 8 54 9 24 52 95 7 63 16 69 95 43 74 46 78 70 33 16 99 78 80 53 90 99 80 71 15 77 99 48 74 15 62 19 52 23 13 7 10 27 24 23 65 19 40 38 58 
1 33 72 14 77 30 82 89 69 96 34 62 4 92 29 7 96 100 65 59 1 54 50 95 88 85 89 25 22 12 59 9 86 14 62 66 25 21 4 45 55 1 12 16 52 31 35 18 12 5 64 73 48 100 11 28 38 53 66 35 91 64 83 59 94 90 72 22 68 100 45 74 34 60 70 13 6 24 97 73 67 85 48 60 6 50 86 75 69 69 46 7 17 5 37 36 1 29 49 34 75 16 9 92 50 29 31 3 71 88 91 98 4 10 46 59 4 9 51 3 76 4 85 33 49 90 14 68 
15 60 98 70 1 64 75 79 87 87 15 87 65 79 74 55 68 97 77 30 89 89 27 39 96 80 68 89 87 13 28 16 52 35 93 14 24 9 71 84 61 71 34 49 100 60 45 67 7 65 94 81 99 77 46 81 97 81 70 99 46 6 34 34 91 97 29 30 2 58 33 49 59 76 65 53 6 4 80 26 5 48 8 68 52 34 50 92 19 80 100 4 36 46 32 83 90 78 99 34 53 24 78 56 74 87 79 48 97 54 3 24 18 10 91 31 25 27 61 32 38 41 24 58 47 49 67 52 
67 4 89 22 75 99 33 79 2 79 72 64 74 31 83 81 69 4 11 59 78 33 46 93 33 83 4 99 24 2 30 63 83 20 50 74 56 74 2 28 3 85 73 79 61 62 63 85 52 38 65 86 27 31 82 67 85 19 100 13 67 70 53 70 1 65 55 50 6 21 38 77 81 29 69 87 66 12 36 92 65 79 44 33 3 14 91 14 82 16 94 38 92 56 53 92 19 69 46 63 83 49 32 36 71 90 76 66 81 57 37 86 73 52 33 69 96 77 8 55 12 3 68 88 70 73 17 48 
71 84 54 35 69 42 60 76 14 40 71 75 57 12 10 87 47 72 10 76 44 93 78 12 31 95 30 33 95 72 49 92 30 19 7 12 30 60 71 100 87 77 93 21 60 98 15 12 29 44 21 87 8 38 91 74 2 65 82 56 9 46 29 71 4 78 62 48 19 65 95 82 67 50 10 62 44 78 89 75 25 63 2 19 67 99 14 62 91 13 90 53 41 63 18 1 37 16 2 85 43 100 7 89 73 38 51 37 82 57 11 62 84 18 15 35 55 69 95 26 96 26 45 72 79 26 83 30 
45 18 39 42 28 7 24 25 24 74 71 34 69 78 41 83 54 85 22 46 58 15 59 52 58 85 36 41 22 20 41 74 75 87 82 58 52 10 12 90 7 49 22 57 19 26 52 20 87 99 42 82 82 42 41 90 81 57 78 8 96 32 51 9 84 88 29 87 16 3 10 16 83 45 84 58 30 61 23 83 39 52 60 22 53 1 21 58 76 39 15 97 43 91 17 15 96 40 47 64 72 19 6 71 12 34 66 41 23 14 14 86 69 93 19 58 48 13 60 34 93 46 51 20 60 32 55 36 
3 56 57 5 92 68 65 52 62 14 67 54 70 26 66 4 71 62 23 66 98 74 60 68 78 87 87 1 63 36 26 81 69 72 49 78 99 34 30 53 33 2 55 65 31 76 93 81 43 91 72 2 93 87 4 39 52 29 18 48 20 82 69 24 25 11 34 31 7 41 54 39 28 13 19 91 18 21 26 20 21 30 31 74 99 29 17 91 7 93 32 86 54 67 100 75 76 58 57 64 46 84 35 71 56 12 82 26 30 88 66 67 75 30 87 38 77 19 73 4 98 95 82 49 74 19 84 4 
63 20 52 21 1 3 19 75 29 94 57 52 84 46 3 25 80 89 25 98 71 14 51 18 59 70 11 63 76 13 24 53 91 94 21 66 44 43 62 45 27 73 54 63 20 38 28 66 79 36 92 42 45 81 84 9 84 15 95 94 72 62 72 56 75 35 56 44 30 24 94 71 2 89 11 73 30 17 18 27 21 18 28 39 82 25 38 53 46 13 71 32 34 85 25 51 30 56 12 49 5 5 29 11 37 75 96 72 26 71 55 10 54 79 1 71 88 61 36 54 81 9 98 7 14 79 58 9 
7 25 37 54 31 87 23 88 26 83 67 38 35 99 5 52 66 17 76 76 17 10 71 21 65 2 4 5 19 79 87 61 95 5 11 56 93 45 10 22 27 60 82 62 78 42 76 17 12 85 44 68 14 100 49 56 9 17 42 25 78 26 13 9 18 76 7 57 95 28 36 69 37 43 56 51 59 43 19 74 54 98 93 13 42 34 89 96 94 34 91 83 71 72 43 84 4 83 24 83 57 91 92 80 87 55 2 27 34 91 34 21 54 26 4 89 19 53 55 78 73 24 63 7 66 40 97 54 
85 90 90 5 90 31 47 9 83 17 27 29 47 13 61 88 77 61 52 62 11 8 20 68 63 20 26 77 83 27 39 79 28 20 97 42 92 52 79 39 95 69 99 77 30 10 89 5 59 24 9 11 76 24 39 36 59 37 49 89 61 72 46 55 2 54 98 100 41 97 51 87 32 42 14 7 62 58 17 2 71 23 7 28 56 64 72 45 52 56 23 19 93 88 41 46 83 60 37 30 10 19 28 35 74 24 29 71 16 40 21 38 91 21 75 89 12 1 32 94 73 8 5 95 59 94 21 13 
47 1 56 100 18 77 60 96 1 64 99 38 80 12 89 40 29 11 32 21 27 83 38 49 55 54 10 57 59 83 96 78 6 29 93 58 43 4 74 18 33 30 69 22 30 71 22 70 66 72 31 66 71 93 54 37 34 9 82 97 45 59 92 2 11 85 43 72 11 7 6 82 89 85 81 56 29 57 32 15 54 77 83 80 62 60 92 54 18 46 29 56 88 93 73 10 15 37 99 22 72 99 73 62 62 14 73 21 27 46 73 67 49 18 60 1 9 19 5 28 15 61 52 20 82 1 17 24 
6 8 15 4 24 4 34 72 80 24 45 79 22 24 79 50 38 50 30 18 8 11 60 51 4 77 46 94 5 8 82 98 12 47 73 66 91 81 29 50 39 48 19 12 7 86 97 16 18 81 90 67 39 19 2 83 3 3 67 67 22 10 36 54 61 89 85 69 79 34 75 42 7 46 53 10 54 98 83 53 53 45 63 68 1 32 18 80 26 42 36 6 16 10 25 14 17 99 54 55 82 8 99 86 19 61 63 87 90 1 74 81 75 67 69 90 84 13 44 66 66 87 100 62 93 21 39 93 
83 97 12 18 82 19 73 56 85 34 91 33 1 10 49 53 88 61 89 47 94 35 24 97 78 21 31 37 11 95 49 78 64 26 55 32 77 90 18 23 47 92 79 58 49 13 33 83 100 67 30 9 56 10 83 62 60 85 1 78 15 23 100 51 68 51 72 55 20 90 93 91 50 87 59 85 91 76 60 88 50 13 28 22 17 21 88 11 74 43 7 85 33 5 19 63 39 67 46 93 18 23 74 96 77 33 93 18 67 32 80 53 55 86 84 52 11 29 19 34 89 18 77 69 17 82 42 94 
24 87 57 68 65 100 13 74 50 60 71 81 5 28 53 88 95 98 89 42 24 1 1 45 9 23 61 96 71 2 18 24 9 50 45 51 39 77 7 93 87 60 44 78 48 14 81 43 90 82 63 23 62 10 69 30 74 25 45 77 50 20 37 65 80 89 79 61 73 83 31 17 86 82 93 93 34 82 14 60 96 98 91 73 83 39 71 71 95 53 72 5 100 33 41 97 62 87 55 100 19 18 38 14 37 98 24 62 13 65 12 21 4 61 48 51 100 41 68 50 86 58 78 90 79 8 78 97 
47 93 31 87 17 57 58 80 72 71 75 37 26 71 45 65 75 44 74 33 76 16 27 14 29 49 32 57 7 58 7 7 99 7 93 54 22 85 69 48 97 90 42 82 65 79 99 36 41 78 69 75 33 63 64 43 45 89 29 46 86 99 68 68 49 20 88 85 16 58 59 76 78 62 84 50 73 78 33 42 38 52 94 53 73 95 39 81 90 71 90 82 71 22 45 57 70 16 93 8 61 39 59 61 61 92 21 99 88 95 88 90 70 10 40 87 21 63 25 39 55 7 33 3 69 27 67 76 
66 37 78 39 10 100 45 64 20 3 1 14 56 67 47 18 76 19 92 50 57 24 37 27 6 68 72 62 45 88 73 35 13 44 41 75 99 54 41 43 71 80 69 56 86 38 38 34 70 75 92 28 9 45 4 89 5 15 47 32 11 82 79 100 23 96 10 90 19 21 79 24 64 62 28 67 34 23 37 4 62 27 18 90 28 99 29 63 57 35 92 96 71 100 86 45 79 3 72 81 16 60 40 62 86 15 10 77 79 14 61 1 5 83 6 89 20 33 64 90 98 1 37 89 12 67 97 37 
99 33 11 89 52 72 44 48 92 24 12 61 19 76 9 57 51 6 51 23 39 68 5 42 72 17 10 29 8 86 100 43 37 83 3 40 44 64 25 36 11 35 52 43 4 81 86 8 23 89 13 77 98 32 25 92 54 70 61 47 53 67 91 33 86 69 57 8 28 53 65 49 39 20 53 62 39 76 46 87 14 8 76 16 24 28 43 74 30 76 72 27 60 58 47 2 6 98 3 15 28 26 87 71 76 2 88 44 48 14 55 24 89 66 24 87 35 65 87 25 46 8 86 96 65 85 87 18 
28 71 40 99 19 16 92 54 21 34 67 24 7 91 53 85 46 59 66 85 65 26 34 14 59 94 40 36 87 45 44 9 54 75 57 83 99 91 95 50 52 56 89 58 11 38 62 32 17 4 6 56 8 36 67 39 92 21 1 74 100 76 25 71 86 91 72 3 14 62 52 7 39 67 87 14 81 99 48 95 80 45 10 63 34 58 86 2 39 66 93 22 62 90 86 68 65 22 32 74 69 82 35 77 31 23 16 12 50 91 86 1 73 45 72 46 8 33 32 34 30 96 40 73 54 43 59 25 
3 65 46 2 51 42 93 5 7 69 96 84 76 70 33 41 10 61 15 65 45 73 92 31 67 4 59 33 8 58 57 68 11 4 49 34 70 43 49 5 21 77 75 83 99 99 88 45 5 8 20 28 79 97 98 88 84 38 93 27 43 71 99 90 7 46 37 70 20 24 43 22 27 74 94 3 17 51 95 68 75 91 2 59 100 33 26 71 53 37 82 31 33 91 53 48 41 28 38 90 15 34 56 69 83 45 56 29 44 69 79 2 7 69 97 30 81 15 33 3 20 33 95 98 68 66 100 96 
6 69 73 27 57 93 83 56 83 98 61 90 17 42 70 67 63 63 9 61 50 52 50 48 96 79 27 98 61 19 59 28 26 54 89 23 34 64 28 57 24 68 70 96 24 93 51 19 65 17 67 24 55 27 22 94 96 87 34 21 44 79 2 26 97 86 63 75 52 83 76 82 5 75 34 45 5 91 43 46 14 30 94 4 95 62 72 2 5 92 37 65 33 85 6 12 50 62 33 27 73 27 54 37 100 36 5 44 56 76 16 100 74 59 10 3 60 21 64 26 47 87 47 52 67 82 62 73 
55 34 33 4 11 12 34 97 47 55 92 20 24 31 17 66 17 19 28 71 56 41 14 55 45 56 8 81 72 53 6 24 82 13 91 48 64 65 69 30 55 27 70 15 11 45 2 94 82 51 91 74 8 2 43 45 61 38 21 100 90 59 87 19 40 63 61 17 53 15 54 75 72 5 3 52 3 13 44 33 47 14 67 94 95 55 54 17 93 65 85 40 86 100 28 69 41 13 29 82 85 38 97 70 14 64 55 3 9 72 54 68 22 65 89 61 55 61 27 21 42 94 92 51 76 83 33 26 
96 11 39 66 86 45 82 82 32 41 83 24 20 33 60 77 92 80 84 57 2 83 19 43 80 69 62 60 63 88 50 34 27 29 33 7 34 88 74 11 84 91 70 19 18 49 31 74 41 26 4 9 46 66 65 65 79 25 80 47 41 5 40 41 52 29 77 24 30 32 48 25 28 31 97 72 69 44 18 37 24 96 66 93 9 89 81 73 51 59 53 4 48 95 74 91 28 66 70 85 58 9 57 57 25 33 71 87 26 17 45 44 35 73 81 5 72 9 92 46 75 54 90 76 17 29 33 61 
83 86 69 9 58 30 64 69 7 92 96 48 61 40 21 6 68 62 21 52 66 54 1 31 100 19 54 53 28 17 79 61 12 21 93 62 54 44 81 58 9 97 100 87 2 31 25 99 20 94 18 92 77 95 24 42 82 18 41 76 53 43 50 32 49 100 90 27 57 75 28 21 37 23 44 52 61 75 53 95 95 26 69 33 75 8 22 58 77 42 7 69 79 64 98 83 64 71 36 1 100 85 70 52 97 75 47 44 33 35 45 70 29 65 29 29 53 79 29 55 9 3 37 5 15 48 49 84 
94 41 68 98 67 49 18 44 34 8 25 5 75 13 18 28 61 84 51 85 87 97 100 77 73 74 42 70 90 66 45 77 19 43 17 79 62 9 60 58 96 75 55 1 55 85 67 41 72 75 45 89 77 65 92 32 38 83 98 34 85 99 70 64 47 97 12 24 77 54 97 85 66 16 72 74 1 36 69 13 75 21 21 9 70 53 79 28 5 13 6 83 35 34 86 83 29 13 71 94 87 75 40 80 98 26 12 54 89 90 39 80 52 63 47 98 40 77 44 6 43 77 29 87 95 32 35 69 
83 98 48 63 89 41 45 1 82 93 68 12 50 10 41 78 23 100 53 22 41 22 83 36 31 39 91 93 72 96 36 21 31 78 51 89 35 27 80 35 11 99 95 43 69 5 83 39 46 53 65 31 18 20 37 91 12 90 81 68 95 67 86 9 30 2 86 14 61 46 58 38 49 9 45 85 51 18 86 64 47 1 3 55 67 70 89 39 33 78 45 62 76 97 60 64 7 45 23 28 91 89 70 62 28 54 95 97 49 38 13 51 87 17 13 44 71 49 71 53 47 8 26 2 15 41 78 18 
96 8 22 33 64 85 85 91 83 79 51 15 78 92 40 98 2 25 41 93 68 40 56 63 6 44 29 4 68 32 73 67 63 10 5 55 14 6 14 45 88 99 52 59 1 81 56 99 24 12 23 45 76 36 31 7 70 5 84 60 74 41 51 7 78 68 94 93 87 27 85 4 85 40 23 33 65 80 24 20 61 18 57 66 8 32 24 48 62 68 54 50 58 13 38 66 83 17 68 99 20 37 66 20 51 27 90 21 7 75 56 20 20 45 73 95 92 69 16 85 84 100 60 66 100 3 98 73 
19 86 100 77 100 91 6 5 70 71 40 59 19 51 73 58 46 46 90 60 7 27 22 16 98 94 16 49 68 68 74 86 33 27 61 7 5 90 64 7 25 44 85 96 41 42 74 28 24 4 29 33 59 57 10 36 77 66 4 57 46 79 22 62 11 47 47 57 61 9 45 39 6 76 2 30 68 52 71 53 99 57 64 6 34 19 89 9 25 19 96 31 5 10 10 62 35 14 18 7 18 61 95 43 35 80 26 42 86 92 20 25 98 97 38 51 5 51 13 59 53 53 90 92 7 42 15 72 
98 54 95 21 74 33 12 33 9 35 26 29 61 15 90 100 8 81 16 57 4 58 85 82 7 90 85 10 62 65 28 50 24 77 93 43 17 91 100 47 56 39 24 69 14 49 24 30 92 81 96 58 7 91 78 2 1 71 70 7 35 43 49 82 9 91 89 5 25 32 41 31 12 84 10 92 21 25 47 71 79 100 69 75 85 40 50 43 88 67 30 49 77 79 27 22 16 89 53 48 88 38 97 56 80 15 68 72 77 51 62 75 37 95 19 8 24 1 36 97 56 3 46 26 94 86 17 89 
18 94 87 30 56 57 75 61 65 72 72 3 96 45 13 27 2 81 95 78 30 11 80 85 65 98 94 33 76 48 55 66 84 47 51 29 59 48 60 20 79 50 64 92 12 92 60 45 13 95 4 47 96 18 39 93 6 58 40 21 1 92 21 71 88 16 99 67 54 76 79 36 2 34 43 31 46 91 72 10 16 68 82 33 38 37 48 10 49 79 86 88 30 82 76 87 42 92 85 18 76 13 8 45 82 67 6 91 38 11 64 39 53 21 30 99 51 97 19 21 24 18 23 49 18 95 55 94 
28 92 53 37 23 6 32 15 7 18 8 62 16 31 28 46 9 30 39 56 93 97 13 44 4 23 72 32 100 11 75 72 28 87 9 27 37 75 13 14 96 11 1 79 59 33 69 77 4 30 29 2 66 78 29 97 28 93 48 49 31 17 59 69 32 42 91 42 19 81 61 10 10 93 97 30 1 45 34 11 57 45 85 48 31 87 83 62 42 57 95 28 25 78 47 61 62 77 58 17 21 60 64 99 45 4 73 16 28 32 83 59 30 61 81 18 32 81 68 53 24 34 17 77 72 61 87 61 
10 34 39 4 15 55 17 81 65 41 28 87 45 34 57 63 49 47 60 56 68 24 19 85 92 97 83 57 92 79 8 43 10 52 17 35 93 47 32 53 37 24 63 44 80 66 70 34 79 38 19 86 25 15 20 38 32 46 52 6 55 48 81 48 24 21 8 26 66 60 93 9 35 64 100 35 44 81 85 80 56 84 20 48 73 34 96 56 32 4 48 81 48 27 90 53 58 58 52 41 31 92 37 11 65 62 61 25 3 74 39 5 83 33 54 98 5 99 85 51 22 84 56 23 46 80 64 28 
82 70 90 28 8 14 3 85 72 9 62 92 75 82 18 17 2 86 37 40 97 67 38 31 60 57 87 18 78 81 42 47 41 90 17 15 1 40 83 25 4 58 77 34 33 49 85 88 55 3 18 94 81 73 48 72 16 83 50 4 60 43 8 80 46 69 62 83 66 87 10 21 9 13 80 61 33 90 13 54 59 35 68 65 40 55 21 82 88 52 11 63 60 89 27 65 79 56 79 54 14 50 95 31 10 73 3 99 54 29 84 83 62 54 24 35 80 25 8 33 17 2 68 1 97 8 6 69 
26 87 50 41 42 62 26 46 96 59 4 58 62 67 100 47 84 62 16 6 87 40 37 33 10 69 80 33 49 43 29 60 40 53 23 69 2 98 7 17 28 82 9 64 7 76 33 11 17 77 70 60 42 96 49 19 13 42 68 90 6 64 29 5 81 6 32 76 94 7 15 2 99 10 33 88 58 99 70 73 84 15 74 63 73 24 95 93 40 4 43 22 85 55 12 70 77 24 83 88 78 76 10 52 12 41 89 54 75 93 75 34 50 45 38 93 95 5 40 93 8 93 17 92 18 9 1 54 
24 100 68 8 93 6 90 87 2 89 84 34 66 17 56 91 47 26 76 84 14 18 54 85 73 2 59 12 60 22 25 85 57 61 45 23 5 97 73 55 8 94 18 80 62 72 70 6 11 80 23 79 16 24 95 71 91 89 35 46 17 33 62 95 13 84 32 71 60 28 14 76 71 57 88 64 12 70 11 77 14 44 48 38 78 54 90 81 22 62 8 70 47 55 99 77 32 76 76 71 63 84 17 62 71 34 52 2 21 90 62 95 63 88 42 72 28 45 84 17 97 89 63 76 99 8 68 25 
26 63 86 23 33 24 99 98 56 36 28 30 43 57 40 56 39 100 61 39 49 77 28 6 49 60 18 41 37 82 82 64 7 97 29 11 16 81 83 94 78 100 100 96 54 34 79 83 54 28 22 82 43 37 22 48 14 26 16 87 48 16 60 22 90 88 5 99 2 94 42 63 24 89 39 69 52 94 58 70 96 74 3 90 96 85 43 34 100 93 33 55 38 48 7 88 97 33 38 3 77 80 90 18 19 52 85 91 83 80 66 40 17 37 46 33 85 91 78 94 47 26 34 2 97 63 29 84 
82 26 49 87 39 58 89 1 91 100 2 63 85 13 38 13 8 99 83 36 2 60 27 87 70 8 50 62 6 48 20 68 6 47 21 95 76 25 43 22 4 66 83 62 44 52 18 13 99 72 45 67 31 11 34 6 50 55 37 25 61 67 80 58 28 100 31 24 98 49 70 55 58 37 83 51 68 98 62 60 16 90 20 46 3 98 56 41 39 1 48 25 82 26 55 76 18 48 13 48 95 9 96 74 24 99 18 69 55 91 43 7 96 74 64 42 40 85 92 81 93 4 62 48 72 35 3 41 
74 43 5 29 17 86 64 86 8 85 65 14 15 14 4 4 6 43 22 37 16 77 54 50 36 16 87 92 57 46 27 69 69 62 67 41 30 7 23 95 20 93 30 57 86 88 38 68 56 66 69 65 56 54 35 68 64 10 28 75 79 84 40 43 11 41 53 74 19 37 68 5 73 75 80 89 54 76 79 51 88 74 41 8 40 99 66 24 40 18 48 60 3 17 33 49 12 3 81 2 59 48 75 19 50 74 44 84 92 83 77 34 80 21 39 96 35 5 64 100 33 95 39 63 81 52 78 98 
52 97 98 79 76 19 61 7 37 91 12 61 27 84 92 31 82 15 54 8 95 39 83 18 47 85 89 12 80 69 23 38 14 62 77 44 48 70 24 68 56 18 35 60 73 100 58 88 46 93 74 39 58 10 61 92 22 94 83 51 26 58 93 17 55 95 85 48 8 98 7 3 100 34 94 33 64 55 93 84 62 15 47 3 81 65 46 72 69 47 60 76 93 80 27 44 63 83 54 29 76 71 27 10 97 47 28 48 85 48 25 62 20 60 18 91 12 93 28 41 2 63 29 95 46 6 74 97 
98 39 73 70 56 96 18 54 79 86 41 22 76 51 88 68 18 69 26 11 82 22 81 79 3 84 20 100 1 78 29 85 92 63 97 3 40 58 87 31 14 39 29 89 97 82 36 77 18 73 72 55 77 91 16 97 25 74 63 68 26 48 28 16 8 14 6 12 7 12 90 38 73 49 53 62 92 26 60 29 89 61 15 31 67 40 30 9 92 90 82 85 76 41 91 67 20 9 8 61 54 91 92 1 65 85 64 9 28 46 37 64 34 77 47 59 77 59 26 58 63 80 60 24 28 57 11 8 
30 55 76 30 65 31 36 50 66 7 78 75 22 76 14 22 63 88 52 12 19 1 52 88 68 79 41 74 11 99 63 45 15 17 73 16 80 79 46 7 92 62 72 54 14 60 55 75 18 90 75 76 57 37 4 7 37 52 1 37 70 16 31 16 54 82 59 61 55 88 87 66 59 58 17 92 28 51 100 59 48 32 91 20 6 69 23 55 75 14 41 35 44 95 44 91 65 63 59 62 33 17 38 17 54 92 13 16 76 37 2 10 69 22 37 64 40 13 56 41 18 78 60 31 52 97 76 5 
62 63 84 60 79 67 55 82 67 20 53 33 89 49 56 64 1 91 7 41 13 22 68 35 42 7 46 12 33 25 14 26 2 75 51 45 9 45 39 84 24 85 60 5 16 95 70 54 99 28 95 65 70 60 29 10 26 62 87 76 52 20 87 53 77 51 26 27 27 68 37 43 90 92 18 35 98 89 33 14 93 81 21 70 7 26 61 35 83 55 32 6 53 34 73 88 47 98 15 28 89 91 37 11 28 100 71 15 88 81 40 73 9 49 99 71 39 65 92 12 66 93 24 30 72 22 55 26 
44 49 45 86 70 43 43 8 44 26 28 81 33 99 68 100 80 96 39 27 72 60 96 11 93 36 64 96 61 17 2 99 35 91 73 56 36 64 36 18 8 45 88 89 96 48 3 54 10 7 44 88 92 68 27 30 56 74 87 64 27 22 21 35 57 73 50 74 65 29 7 57 97 54 16 39 24 99 11 98 70 22 83 45 76 88 49 3 17 80 53 46 63 18 100 31 18 99 24 91 30 91 93 73 55 45 35 19 90 37 71 62 70 8 47 42 52 25 36 61 38 93 82 2 49 56 71 45 
26 96 36 9 82 41 72 82 66 29 97 29 14 86 68 69 52 22 92 71 3 91 10 35 52 67 59 72 17 33 47 70 97 48 21 11 67 80 42 65 46 43 18 85 8 41 5 46 33 43 34 40 63 41 2 87 63 54 95 49 87 12 15 66 46 100 11 97 43 15 71 64 82 14 39 52 99 43 90 19 65 44 54 73 54 99 57 48 43 59 63 71 30 6 43 58 58 84 30 47 28 59 73 60 35 63 31 12 37 67 16 11 100 53 23 42 17 3 94 42 36 46 29 27 40 95 76 32 
26 23 35 26 88 67 78 62 98 61 90 26 56 2 13 10 97 53 78 67 48 26 13 65 53 2 91 22 27 34 37 46 71 98 5 44 43 36 26 80 100 13 13 43 45 40 64 4 17 24 78 20 59 19 58 73 44 40 73 42 56 88 26 86 92 16 52 30 3 34 95 88 12 39 51 53 80 80 90 81 25 63 83 54 17 36 54 26 27 59 57 25 46 60 92 74 20 70 13 96 26 72 51 93 1 86 88 38 21 30 61 62 50 98 77 35 12 41 32 12 91 88 61 86 35 95 90 61 
22 48 55 99 62 67 66 2 74 94 37 53 83 7 56 29 67 40 9 49 14 7 41 56 27 42 56 92 13 12 24 99 39 93 38 49 41 42 90 53 8 25 33 41 99 99 67 99 47 98 86 26 52 46 99 8 65 30 15 61 26 72 7 35 11 5 87 36 52 98 21 49 83 28 80 92 25 1 31 25 65 100 12 84 6 73 12 93 35 48 33 24 36 39 97 87 82 78 17 66 66 75 30 62 83 86 71 13 33 86 27 53 70 64 52 85 7 85 92 60 70 19 38 93 27 20 1 38 
67 89 8 61 45 16 38 24 91 60 96 24 19 62 83 64 42 37 97 43 77 13 29 95 10 56 83 32 69 64 28 32 52 17 33 92 67 9 8 39 64 45 42 29 26 16 68 39 69 85 71 21 86 66 61 16 27 62 50 53 20 26 44 17 87 87 95 79 97 83 16 71 31 87 86 48 92 4 33 21 39 69 54 95 27 23 68 38 32 62 18 48 90 35 48 70 65 22 22 90 55 74 46 20 82 95 38 17 99 27 2 57 75 36 91 56 80 9 40 8 7 43 56 29 73 94 60 1 
78 100 7 8 13 89 31 19 17 28 33 84 56 93 48 89 74 59 21 18 76 52 51 76 98 78 34 20 85 80 5 55 58 21 100 3 63 45 82 94 6 42 67 86 87 81 54 60 68 37 77 68 33 87 48 85 62 34 43 30 64 77 90 5 68 47 20 54 48 33 83 10 19 15 33 69 71 12 16 10 25 91 22 83 57 94 24 83 87 68 7 45 33 76 32 25 81 91 4 30 33 82 3 28 98 48 86 30 10 81 70 47 81 64 76 81 37 23 50 46 33 92 79 74 63 77 57 56 
1 95 94 5 6 100 17 6 85 100 7 18 18 93 37 43 79 93 27 3 53 99 42 50 27 77 2 38 19 53 7 71 72 59 85 80 67 62 81 74 97 53 38 27 36 55 44 2 61 38 52 1 69 89 96 39 70 52 52 39 17 16 2 5 6 35 73 63 44 57 28 86 49 47 17 35 56 52 100 96 9 82 26 11 68 31 17 85 30 68 30 63 89 21 100 61 83 2 11 51 44 76 37 36 63 15 12 68 21 8 88 93 40 34 17 54 88 5 56 28 79 2 67 44 90 97 11 77 
90 96 50 82 32 55 64 11 61 9 81 4 97 22 40 29 6 57 58 60 51 100 74 9 93 21 19 100 30 44 22 20 80 46 34 86 24 68 10 35 36 76 82 66 66 99 28 5 30 40 72 15 2 12 77 98 83 14 75 30 67 73 30 22 81 36 68 1 60 97 54 91 20 85 98 94 1 18 41 19 6 30 79 13 37 8 19 64 63 65 82 82 50 64 74 82 85 5 55 49 92 30 20 37 77 63 42 12 26 100 74 5 64 64 28 40 71 65 96 12 83 9 48 52 11 46 10 34 
23 54 87 4 31 32 44 88 10 59 85 23 49 72 39 57 69 2 62 23 42 98 14 40 32 11 45 20 5 79 70 73 97 70 25 52 75 7 39 64 93 17 63 49 1 3 89 41 56 95 17 73 72 68 27 86 34 58 6 82 6 70 95 96 77 2 84 64 38 98 64 13 32 32 72 93 68 69 23 19 99 20 62 52 70 70 67 12 16 91 90 14 72 32 8 29 36 53 12 24 21 89 56 52 40 60 5 40 48 17 17 17 5 40 20 71 64 77 40 84 8 13 86 44 84 84 74 1 
86 84 18 68 48 42 93 27 33 18 45 24 34 40 60 30 53 80 83 86 1 69 36 1 8 49 77 12 74 19 4 4 38 15 68 44 26 23 6 19 62 6 9 26 33 65 51 49 92 87 99 41 87 65 18 91 57 82 7 42 93 5 86 31 10 53 65 52 84 36 96 41 49 19 35 14 43 33 2 100 38 66 49 92 8 25 63 50 23 49 84 43 83 17 88 72 88 99 30 40 71 30 13 3 84 10 97 1 78 87 1 38 46 44 4 43 37 87 94 70 85 50 41 69 66 71 55 48 
93 8 85 4 53 60 16 82 28 18 59 17 8 48 85 87 74 42 33 51 38 88 75 47 89 4 41 90 23 57 78 52 53 65 13 56 18 23 13 55 13 80 47 76 87 75 97 35 84 68 30 50 23 15 18 37 49 56 40 60 86 68 89 35 64 5 22 60 8 87 85 97 38 84 15 36 55 1 30 35 37 57 21 29 59 54 12 32 18 9 59 49 71 47 69 84 21 57 53 25 50 95 95 79 9 45 15 43 10 2 82 73 69 98 26 20 36 37 24 56 84 88 77 7 50 68 8 85 
30 76 37 9 23 64 83 43 96 32 21 88 30 25 4 2 48 74 24 44 24 1 35 97 39 76 34 68 14 51 45 89 93 71 34 22 28 53 97 28 44 76 7 46 85 27 85 70 50 90 23 63 52 26 31 12 78 82 34 15 8 21 89 80 19 42 37 54 17 95 70 70 1 61 8 7 61 35 95 30 82 9 59 95 100 95 51 83 98 70 10 12 28 13 2 37 20 16 93 11 65 94 41 37 47 33 17 78 99 22 81 28 57 84 64 35 99 37 72 99 35 95 54 39 58 33 87 14 
43 6 50 15 98 97 95 1 69 58 93 47 58 31 3 46 59 27 67 30 3 83 52 45 25 2 84 60 69 62 25 86 6 19 13 4 94 24 31 94 89 92 52 18 20 79 66 62 72 37 20 78 18 42 62 4 76 62 86 87 51 22 43 70 95 52 85 97 18 36 21 16 1 20 75 75 83 94 17 58 19 74 37 86 69 61 82 91 32 68 67 12 46 9 45 40 67 93 30 30 26 37 53 99 98 78 68 22 68 7 16 8 26 88 32 50 68 97 4 56 72 71 35 79 83 27 79 9 
50 17 37 87 86 66 92 75 80 65 69 43 15 58 35 58 87 84 76 10 14 78 65 78 81 48 55 80 14 51 74 85 7 28 60 100 26 76 81 40 46 66 42 70 48 28 59 15 67 61 2 58 93 7 81 37 11 62 54 23 39 33 69 45 4 19 14 21 21 54 41 23 38 60 78 20 15 5 16 23 34 5 5 2 75 28 10 12 18 71 25 65 81 30 80 95 11 38 40 78 72 33 2 86 62 48 97 23 79 17 8 86 60 28 41 62 17 26 26 13 62 88 82 8 49 10 36 8 
33 60 76 19 95 85 10 23 27 21 15 25 93 34 89 44 16 67 62 78 67 93 76 51 38 83 39 10 72 44 44 57 14 82 21 40 30 53 21 24 17 64 41 88 97 31 22 69 84 14 81 2 53 29 57 66 48 52 4 73 63 45 88 45 66 59 67 54 65 25 33 83 79 16 14 90 47 94 11 65 42 52 37 71 58 5 71 35 22 14 11 83 93 68 97 75 68 4 71 19 79 95 92 23 71 75 98 25 55 12 45 100 39 90 2 3 56 69 40 96 36 10 90 6 81 74 14 85 
10 53 80 12 1 28 53 99 79 62 22 3 84 52 51 10 30 91 37 32 1 42 56 54 64 76 1 96 2 66 55 74 10 33 74 58 15 67 53 1 64 55 8 15 87 50 38 96 73 80 1 40 38 20 94 81 85 67 62 16 49 85 21 42 61 92 58 63 25 94 3 16 58 58 75 32 69 88 92 56 58 100 82 93 95 70 38 82 78 99 55 14 38 83 82 89 23 44 67 85 87 29 59 96 57 30 32 12 51 51 79 24 82 56 61 69 23 68 52 91 28 9 55 22 69 15 65 10 
95 14 61 95 76 73 25 61 32 88 21 94 12 70 7 62 45 76 13 2 92 100 9 42 91 61 35 52 94 45 95 8 42 97 33 80 90 26 14 27 57 8 9 98 47 43 62 36 15 11 10 35 56 88 64 37 23 74 58 100 20 15 86 8 73 71 66 10 43 67 85 78 38 53 93 60 7 46 78 4 100 1 17 96 92 64 45 42 83 93 52 74 8 67 57 71 90 72 40 72 4 48 7 62 56 47 63 64 29 96 99 96 71 48 97 60 28 1 96 88 37 17 5 2 70 89 8 93 
38 97 63 98 29 95 95 95 23 35 6 47 33 17 11 7 10 73 2 21 79 43 38 38 51 7 2 60 6 42 84 98 64 62 40 40 93 73 9 90 26 89 3 55 99 4 16 93 63 59 84 86 83 45 35 90 94 43 86 4 68 25 72 15 18 78 66 94 57 57 85 25 55 36 28 21 18 62 57 45 82 40 88 12 90 99 29 39 6 32 97 75 95 15 41 30 18 77 2 44 38 61 40 46 64 61 52 62 44 38 91 89 21 48 53 5 45 42 78 77 62 38 36 27 45 60 33 69 
21 17 67 86 34 5 1 27 82 72 7 4 75 17 85 80 7 100 16 18 40 14 13 32 44 14 66 65 64 15 42 18 87 11 77 32 1 86 72 14 41 36 86 96 100 59 51 38 63 8 35 23 91 99 79 96 98 40 75 10 17 45 100 35 12 66 8 79 13 40 6 13 73 9 76 31 95 31 13 20 22 35 72 72 97 51 30 93 77 83 52 65 55 53 53 70 91 76 65 33 97 10 94 66 49 40 61 52 88 5 8 8 84 41 11 34 48 37 69 80 37 4 76 77 16 84 27 77 
30 93 83 92 100 13 12 44 42 33 18 50 26 66 47 23 85 76 98 91 14 91 5 11 70 19 87 84 58 57 89 7 31 30 86 58 55 40 76 86 96 15 86 71 10 2 55 81 32 10 43 77 24 94 32 43 35 35 22 33 59 65 88 76 71 87 67 61 50 92 83 98 91 7 33 34 60 8 2 67 3 71 50 6 90 97 49 61 66 16 80 24 81 40 15 100 25 19 9 3 88 73 41 47 43 52 19 15 52 57 70 59 40 48 81 44 11 60 36 51 61 19 53 100 8 57 74 59 
11 79 56 42 67 62 100 69 4 51 69 66 78 57 51 75 96 84 98 70 9 17 18 99 61 56 61 95 46 97 45 69 43 70 49 81 61 47 58 64 29 95 66 27 17 27 15 93 55 49 21 11 54 74 98 87 37 62 21 52 49 47 57 42 11 57 91 71 7 57 90 68 11 97 59 14 39 91 44 59 72 32 32 13 39 79 56 33 35 66 8 100 95 4 13 54 37 27 10 50 21 92 16 78 46 33 55 99 94 18 33 16 41 51 77 35 44 89 85 16 33 51 31 45 46 71 30 85 
81 57 98 69 43 95 1 24 98 30 54 30 23 48 19 75 88 78 91 53 32 99 87 51 17 26 85 16 19 25 66 43 41 83 76 28 97 15 20 3 3 77 56 43 50 24 85 78 78 44 79 91 57 47 81 52 5 23 34 17 81 17 64 5 16 64 23 7 94 43 62 79 64 17 18 51 22 39 59 100 15 38 31 89 21 74 56 62 85 33 34 41 58 5 69 9 41 49 16 6 35 44 57 13 90 51 95 84 73 52 82 49 67 4 42 3 85 34 86 61 87 100 70 58 88 54 15 29 
25 13 58 5 68 22 51 63 93 38 35 91 17 32 37 61 9 9 25 38 25 51 86 89 38 97 85 89 68 70 5 71 40 53 13 33 33 88 100 59 85 63 15 1 63 90 52 44 86 49 62 80 73 25 17 58 69 20 23 39 46 1 23 5 2 24 77 100 54 62 34 87 18 98 38 56 35 43 35 66 78 6 60 98 44 26 85 40 17 84 17 26 58 34 1 1 22 71 3 35 38 6 35 9 43 6 4 86 44 15 71 63 69 21 87 12 12 5 9 75 54 2 98 52 23 30 80 29 
89 65 42 47 86 85 90 12 53 43 42 98 20 5 91 40 11 61 76 55 63 48 82 4 87 6 58 32 51 25 12 56 24 32 38 26 46 42 68 52 41 55 7 15 49 50 35 27 96 11 50 41 10 16 78 29 30 87 50 34 68 94 59 14 16 89 64 14 90 91 48 49 68 43 47 15 68 65 24 93 15 22 29 72 49 12 16 87 29 57 20 5 55 53 99 71 28 78 19 33 6 88 86 22 69 2 11 17 33 3 21 35 97 92 62 59 95 44 24 83 1 25 47 75 12 27 83 91 
59 99 67 57 69 30 87 25 47 14 69 61 56 91 2 83 10 85 24 33 54 66 79 15 2 19 32 91 58 48 12 70 40 71 97 5 45 21 61 74 37 87 60 67 32 30 56 3 22 86 87 40 44 64 100 53 88 58 77 49 71 19 93 72 76 11 96 13 80 72 3 19 52 54 41 71 79 64 46 21 5 35 84 7 10 6 15 28 87 87 73 57 5 21 14 57 43 23 8 100 11 99 14 41 36 71 42 25 99 8 84 99 34 99 41 42 80 29 37 71 62 5 9 76 9 73 43 53 
81 98 41 68 94 32 44 24 37 17 46 97 49 50 59 64 54 35 81 73 37 80 49 48 46 5 3 48 83 68 89 20 6 24 68 32 68 100 16 12 75 28 1 36 36 92 2 8 13 22 53 40 15 13 19 86 75 71 65 30 78 74 75 83 33 42 16 60 98 14 70 86 1 66 16 40 26 99 57 23 31 33 3 67 68 53 55 49 57 6 3 62 68 66 33 32 16 88 14 64 97 84 23 88 76 16 94 58 97 90 17 96 28 28 38 26 5 2 14 97 68 42 47 1 75 92 44 57 
9 81 81 9 99 34 98 32 92 21 68 87 23 11 12 21 59 94 58 37 22 4 27 90 51 33 31 49 48 10 31 80 5 6 97 41 92 25 3 56 49 79 28 69 54 26 24 50 22 39 92 72 63 39 7 52 91 24 11 60 83 81 26 55 67 66 74 53 18 61 23 6 47 14 32 70 66 100 9 37 79 32 99 84 31 29 41 75 40 18 37 36 100 12 78 68 29 58 85 57 36 17 49 52 21 39 95 96 89 41 70 67 95 29 32 39 80 9 29 83 86 4 91 31 35 12 10 73 
21 34 93 46 93 46 89 4 13 62 94 9 2 32 51 60 9 13 1 23 16 45 19 96 53 37 49 8 79 68 58 53 52 37 62 26 58 71 28 97 65 42 36 16 8 94 12 32 95 21 84 34 32 18 100 71 37 55 77 19 77 70 3 24 30 36 13 23 15 57 61 35 90 32 53 73 92 90 90 68 27 85 85 54 8 79 39 94 1 22 41 59 93 54 35 38 31 54 97 43 3 43 96 90 71 75 42 88 62 57 64 82 87 56 66 13 11 88 84 51 82 27 36 46 11 25 93 7 
71 7 94 40 52 78 17 30 62 40 58 81 45 6 94 20 21 78 89 93 27 47 60 24 48 18 47 39 66 67 58 79 65 69 9 53 4 14 57 87 17 51 53 56 23 22 85 64 17 88 41 89 94 94 2 67 43 62 57 86 16 99 56 66 70 2 45 2 28 78 23 29 29 23 39 65 26 96 52 24 29 10 71 9 5 45 90 94 6 88 42 11 71 18 58 80 74 26 98 87 40 39 68 56 26 92 61 12 75 30 87 47 51 91 22 80 40 21 17 55 55 79 42 95 60 28 80 97 
5 86 92 91 48 40 22 64 40 59 50 13 10 93 31 40 9 8 34 48 94 85 54 29 72 12 90 92 67 35 83 29 59 86 16 52 76 30 63 18 7 76 7 68 91 3 31 81 37 56 8 100 57 43 49 96 42 51 13 43 60 62 6 17 3 49 81 17 35 100 79 44 30 86 54 25 62 80 83 77 100 24 2 45 63 68 62 100 89 19 35 8 26 31 66 67 39 91 64 83 22 47 68 39 18 58 81 17 54 51 59 68 37 56 10 5 73 14 30 21 72 97 73 24 10 43 25 53 
41 90 36 64 25 43 40 64 15 51 36 54 88 21 12 26 90 87 48 49 63 73 72 99 21 88 6 77 41 1 21 45 50 71 29 89 12 99 51 9 1 82 93 2 36 98 1 91 69 45 95 1 97 9 13 46 2 20 74 73 97 86 41 17 45 61 67 2 75 67 67 68 28 91 26 35 54 33 3 31 87 79 59 93 26 28 60 66 48 47 82 94 82 53 14 71 76 70 43 32 89 77 34 64 15 41 67 83 22 50 1 50 96 65 76 14 20 13 29 35 99 11 89 46 18 31 47 9 
61 34 36 21 87 94 8 84 52 21 42 21 3 15 27 85 80 66 43 62 37 50 84 57 31 44 23 44 43 19 60 98 53 46 58 58 53 93 55 86 33 42 41 4 83 33 85 98 98 71 83 87 54 68 30 5 87 39 37 19 54 62 82 6 80 26 50 88 55 24 89 57 87 41 83 10 64 83 100 26 76 27 52 19 99 34 86 81 17 75 78 53 63 44 56 65 34 45 11 98 49 39 69 49 13 77 77 26 70 86 99 2 8 71 31 8 55 92 48 54 3 26 54 45 6 20 2 7 
15 72 37 59 46 39 28 82 17 67 98 56 47 69 26 52 63 31 63 17 28 28 93 93 34 85 6 39 67 54 84 60 54 94 85 93 8 92 81 4 33 54 14 56 90 34 70 10 41 22 84 21 36 96 4 65 65 42 28 31 21 20 47 56 24 92 5 71 85 77 84 67 7 67 53 62 14 89 26 2 81 21 94 86 24 28 45 1 94 5 18 65 61 95 78 55 97 37 48 9 10 10 77 87 49 66 76 90 24 51 74 58 93 95 54 51 20 97 61 67 47 10 96 33 99 2 42 17 
85 22 51 43 75 53 5 77 75 26 98 44 44 76 35 37 87 33 87 44 39 82 3 62 94 80 13 12 3 31 17 70 100 67 52 57 51 71 63 51 3 20 4 5 14 27 39 31 12 14 42 37 51 37 71 45 69 31 45 56 57 50 25 39 25 47 82 47 71 71 87 54 87 75 1 39 29 45 37 32 52 11 30 90 42 87 41 14 12 4 32 42 100 36 34 78 13 63 66 65 80 67 94 99 53 76 25 59 75 5 78 28 63 51 59 39 53 2 34 96 1 63 11 91 58 37 55 81 
21 2 58 71 80 47 43 28 95 98 40 98 50 28 68 11 68 55 61 41 48 90 85 51 46 27 41 73 9 8 44 34 6 49 41 45 91 40 74 83 41 42 43 30 79 42 18 1 60 99 69 98 39 66 3 3 97 41 14 10 86 14 69 27 67 7 56 83 55 50 36 74 61 63 85 89 34 10 17 18 40 14 38 63 93 55 11 13 40 8 15 100 5 58 10 42 67 73 77 94 99 84 92 7 26 11 18 45 79 76 67 82 70 61 21 4 100 85 9 99 96 21 59 33 5 85 60 37 
73 31 3 72 70 63 46 89 39 87 50 96 93 21 50 45 90 19 64 6 62 95 9 86 56 63 18 40 43 14 51 59 26 60 94 91 1 10 51 24 13 89 90 49 77 1 90 23 38 61 45 67 44 29 36 62 50 7 65 36 32 70 33 60 66 92 7 41 12 22 2 15 28 69 70 92 19 11 22 69 92 50 64 69 22 9 89 48 40 85 94 87 66 21 96 20 5 20 93 64 42 74 39 100 32 2 84 64 27 56 94 93 29 7 87 43 31 56 84 94 63 20 36 40 97 6 11 23 
23 92 96 78 53 79 82 82 44 25 58 23 61 79 66 13 1 8 8 68 89 41 78 54 55 88 40 91 63 42 27 49 39 15 25 57 55 89 96 25 54 62 43 4 32 33 43 7 92 88 14 74 70 69 6 10 92 63 92 84 18 80 2 42 38 18 46 20 49 67 52 33 20 92 84 27 78 42 3 89 26 72 54 72 99 23 16 12 82 2 67 15 8 53 43 82 12 89 58 35 19 46 75 35 39 55 87 29 13 5 45 34 58 43 71 86 56 25 1 75 72 60 38 92 27 28 63 13 
21 39 18 54 37 37 91 97 6 16 27 24 14 31 70 21 85 74 5 28 36 35 96 78 79 7 3 8 92 50 24 43 61 36 44 9 63 89 47 48 27 95 61 13 5 31 96 24 8 28 88 86 61 26 85 35 91 11 92 69 38 2 65 81 99 5 87 16 40 25 28 85 4 67 87 12 97 62 50 18 56 94 17 36 1 42 60 93 28 97 61 100 23 45 70 69 4 98 20 7 1 42 68 34 79 37 56 86 60 51 73 11 4 51 15 98 81 66 26 60 86 9 61 38 85 75 68 45 
16 54 13 62 30 48 42 56 62 61 48 13 8 67 16 7 27 100 99 12 45 91 34 80 92 18 36 5 89 99 30 47 43 38 33 9 31 18 74 44 34 90 76 23 82 21 39 78 32 1 48 98 25 80 9 29 79 21 94 71 83 98 76 49 33 5 73 61 28 40 97 57 46 64 43 26 6 30 82 28 68 5 70 25 36 10 26 79 15 1 72 54 67 59 35 17 98 32 55 76 32 8 22 50 52 80 49 84 23 18 34 61 19 85 33 43 84 93 1 75 72 3 64 24 96 75 14 57 
25 59 94 99 72 87 5 49 74 94 55 71 35 16 22 10 5 40 70 22 91 16 94 83 94 58 65 96 80 18 65 68 35 9 2 55 100 20 14 5 73 49 48 13 56 65 23 9 81 59 36 8 34 7 50 44 88 91 92 69 9 27 20 50 20 35 84 50 52 56 62 42 45 50 48 17 91 8 87 59 9 53 87 3 77 36 16 63 40 18 27 93 100 54 20 3 8 44 43 74 84 50 40 44 90 56 31 71 32 34 80 25 83 95 4 17 35 12 24 38 64 42 13 31 85 88 21 91 
62 68 71 66 39 32 17 31 43 84 6 47 87 38 46 69 4 77 62 84 46 86 15 75 17 27 87 95 19 29 49 78 52 65 28 45 47 38 4 19 78 41 72 33 19 85 3 57 40 18 33 47 64 15 76 72 87 59 48 13 8 48 86 92 80 13 31 17 22 82 29 92 69 60 62 97 82 55 17 84 62 26 81 34 66 30 35 95 69 15 56 97 78 90 83 29 19 16 28 65 1 13 28 34 61 97 31 59 74 27 100 41 48 67 71 20 80 69 37 42 61 30 67 39 42 74 8 17 
81 3 25 57 72 26 14 89 70 31 31 19 20 57 38 58 8 98 54 99 53 80 1 79 61 62 30 15 100 29 70 81 78 58 60 77 10 50 82 73 47 67 78 93 63 47 65 94 23 66 15 78 91 48 91 1 74 59 24 82 3 55 92 79 93 24 28 57 77 96 1 99 82 96 81 82 65 30 60 5 45 41 1 81 44 1 20 68 4 94 22 46 93 59 42 36 79 1 58 45 55 42 21 9 29 7 75 64 40 21 44 83 61 19 48 81 89 6 6 76 94 67 22 64 92 25 97 9 
92 47 100 37 77 44 68 49 85 39 92 36 94 70 20 48 65 53 92 64 54 40 52 85 26 29 90 5 13 42 48 84 60 39 40 13 99 31 50 93 14 93 61 79 77 5 64 92 47 19 98 67 19 50 67 19 46 25 50 23 56 74 27 51 75 88 86 2 92 39 81 51 83 93 1 52 33 27 36 31 72 16 53 10 51 93 73 70 75 58 84 56 69 56 51 29 4 52 9 46 54 11 23 62 62 18 60 98 24 76 69 21 8 69 45 30 40 1 5 94 33 21 42 19 60 69 75 37 
17 83 9 71 63 32 83 65 57 8 19 79 65 67 78 78 91 61 55 41 88 9 75 48 12 97 63 79 84 97 35 93 16 62 82 19 52 25 46 66 45 57 49 34 87 56 19 55 61 29 90 77 92 97 72 50 39 59 52 86 54 99 12 80 78 21 49 16 77 23 39 36 6 18 82 86 79 73 65 34 61 36 86 52 32 51 99 89 15 7 40 39 98 7 65 14 79 83 61 64 73 65 38 11 24 2 83 77 49 88 27 28 36 35 44 32 71 28 68 86 73 28 19 50 36 98 62 43 
34 1 30 89 38 64 95 27 82 7 6 94 24 77 66 22 70 6 55 96 99 31 72 55 82 35 10 83 36 52 19 47 29 10 96 26 14 8 39 16 6 93 38 73 50 93 52 58 15 48 39 71 18 33 46 50 85 63 95 50 89 88 65 38 82 75 96 94 2 56 13 46 18 41 56 2 25 27 67 18 27 85 13 3 57 49 2 18 25 9 85 43 4 39 67 96 18 83 26 31 54 13 70 81 83 23 70 49 6 80 38 45 29 2 88 51 92 33 69 6 49 88 17 74 45 40 78 97 
29 47 8 20 42 18 41 21 97 70 15 31 97 24 38 83 18 39 36 59 90 49 82 32 6 77 93 99 60 100 88 18 14 67 64 61 58 56 2 63 95 34 87 46 90 74 82 7 58 60 89 15 37 66 89 39 84 39 72 95 53 71 7 65 71 2 41 70 13 50 73 33 51 29 15 79 65 83 30 91 85 83 76 27 35 96 19 7 71 99 46 16 79 12 83 15 70 37 48 11 72 97 55 61 71 52 50 58 53 14 91 10 35 23 88 19 77 90 74 80 27 37 64 35 12 20 42 73 
84 43 87 64 19 37 91 41 32 66 41 100 7 4 47 68 83 82 10 27 7 5 73 66 15 24 73 41 82 70 62 77 21 53 60 26 58 81 69 31 82 85 30 31 99 61 29 5 7 85 52 72 57 8 41 9 1 21 13 68 38 6 59 33 29 54 27 7 49 13 90 21 5 49 23 29 53 68 74 57 53 15 56 56 74 72 52 49 19 79 53 38 11 18 95 76 19 27 7 68 99 30 65 73 20 23 19 89 81 17 4 29 38 48 26 64 100 77 89 26 74 11 56 18 95 32 44 9 
81 40 16 86 73 64 82 38 20 63 79 18 46 41 14 51 49 82 57 65 89 78 48 12 9 12 14 55 92 52 62 66 1 20 34 83 23 91 45 7 29 44 26 42 2 44 80 28 44 39 41 5 18 35 70 80 2 43 80 19 99 19 7 14 36 83 34 69 49 89 99 34 11 39 8 36 83 73 87 56 13 31 98 86 51 86 6 32 67 52 69 57 96 17 93 85 50 6 47 66 11 53 68 38 98 39 6 20 82 81 66 72 22 95 44 87 3 4 85 70 21 42 21 33 83 37 3 79 
70 21 5 12 48 9 86 71 62 29 27 66 6 64 93 2 1 26 20 3 12 76 81 28 20 10 76 91 48 7 38 56 2 83 28 30 26 61 67 17 38 17 3 62 89 21 89 12 18 41 34 48 64 23 16 76 20 43 67 95 62 37 72 48 12 5 5 19 59 23 38 92 3 66 98 44 45 60 53 29 15 16 80 49 4 12 17 44 48 50 85 21 54 36 96 15 41 27 15 1 16 76 67 81 37 100 73 64 11 34 61 80 66 50 56 82 60 81 97 98 2 34 55 29 36 59 39 85 
69 40 31 43 85 14 71 94 88 32 43 90 43 31 70 95 17 32 81 39 47 42 7 69 48 52 23 27 40 64 47 19 39 96 24 29 9 5 73 80 39 66 57 70 85 14 11 97 14 77 76 96 67 48 79 53 55 19 4 8 86 87 43 39 69 40 90 23 50 89 46 19 48 97 57 36 65 56 96 78 10 22 48 41 42 95 58 10 31 76 35 42 45 69 91 38 45 72 21 73 54 77 36 88 37 74 13 5 30 100 13 94 24 31 73 14 45 50 63 35 84 87 86 86 11 26 72 5 
24 79 74 44 90 93 41 29 67 8 25 71 17 35 99 1 50 19 51 3 72 86 62 22 93 71 16 45 62 13 9 94 30 78 96 46 46 98 65 88 70 64 83 80 14 52 97 55 46 98 11 12 3 22 99 31 7 9 85 5 95 95 2 95 59 41 96 76 29 96 22 4 78 34 45 26 97 84 100 76 77 2 80 94 5 79 95 16 46 32 46 36 62 75 32 59 10 94 80 10 1 30 10 16 62 97 59 55 94 75 7 16 43 88 6 15 100 89 53 70 30 37 42 21 66 98 90 73 
53 60 14 9 72 85 68 34 63 58 67 90 16 4 34 27 48 71 6 61 26 87 17 13 87 39 17 59 68 83 44 55 90 13 26 79 79 16 13 61 26 80 11 6 68 28 37 94 63 88 55 30 12 53 44 34 8 11 7 36 45 55 74 20 98 22 38 78 74 24 8 1 92 80 58 61 2 42 53 63 34 6 53 4 70 73 69 87 27 53 77 15 59 14 73 52 20 46 68 12 96 80 93 90 48 37 1 62 94 51 97 87 39 75 37 81 99 72 5 89 10 52 86 44 26 35 44 31 
38 98 96 71 39 33 21 63 45 84 99 61 68 98 61 11 27 39 94 7 53 53 10 61 62 21 87 51 20 99 4 5 2 85 92 58 81 35 22 23 6 44 36 30 72 68 82 50 50 67 16 77 70 85 86 85 91 31 31 48 27 93 44 54 2 72 94 25 23 81 71 67 24 2 24 89 5 21 43 79 31 51 84 3 75 87 49 43 72 7 94 95 61 14 68 54 24 10 65 76 49 72 21 28 59 62 72 6 56 88 36 80 96 74 41 76 16 13 21 18 54 100 80 4 48 97 92 17 
97 12 62 26 31 83 38 6 43 19 15 97 61 10 34 60 71 9 27 74 56 59 76 58 86 87 90 31 73 87 45 20 84 14 72 45 29 99 29 61 80 62 86 99 48 66 20 62 89 51 74 20 49 94 61 38 22 99 19 52 3 67 98 1 19 39 43 80 18 43 82 58 5 2 40 90 96 13 22 96 18 25 79 54 97 98 37 8 82 94 56 24 28 98 35 5 4 39 15 64 67 12 98 23 27 72 33 35 3 78 12 33 62 7 65 33 93 18 7 11 96 49 19 49 90 76 17 37 
44 88 61 7 24 78 20 50 58 67 45 15 55 98 7 45 96 32 49 27 81 51 87 23 59 38 86 85 18 8 19 67 83 16 12 74 61 52 36 33 78 100 89 92 57 48 38 40 29 60 9 89 25 24 73 84 34 21 33 66 60 75 57 37 1 11 29 9 2 54 47 62 3 14 100 44 33 13 78 18 10 44 87 23 76 14 38 39 58 17 26 14 84 96 96 46 9 86 98 41 90 45 96 27 88 39 78 29 94 49 77 52 20 88 55 14 72 1 97 58 3 35 31 59 77 100 43 29 
96 76 37 76 58 25 7 86 23 60 83 93 74 23 2 40 50 59 71 60 67 4 47 14 76 43 72 23 81 22 14 24 51 10 90 7 86 70 49 94 34 27 40 59 87 8 90 19 87 46 97 47 74 51 26 79 59 96 35 69 58 39 78 30 28 4 63 43 14 58 32 3 50 40 65 67 6 47 31 54 90 61 21 5 21 48 88 22 62 78 34 13 85 67 6 79 91 33 58 71 62 16 83 33 38 26 68 4 87 29 88 75 56 39 21 16 91 100 97 13 38 58 80 51 66 29 86 35 
38 30 3 30 41 70 35 4 36 70 59 80 74 13 69 84 17 44 7 7 22 62 23 54 75 68 42 95 52 90 50 62 67 82 52 10 81 60 2 32 46 12 37 78 30 4 63 39 77 25 87 25 100 19 56 43 97 59 87 9 53 21 43 56 52 38 95 78 96 63 11 1 45 83 99 70 41 74 1 6 40 58 23 32 38 74 60 82 64 44 7 69 91 3 16 45 31 1 75 86 55 31 63 27 13 7 35 73 5 74 95 43 49 10 9 3 28 97 9 34 71 54 26 67 15 87 70 57 
48 32 1 70 82 55 40 90 30 29 100 89 15 60 97 80 13 2 36 98 85 100 89 62 87 50 25 47 57 2 15 85 17 83 44 78 16 4 68 71 48 21 39 99 46 97 76 40 84 49 21 89 15 4 35 100 48 80 51 65 37 48 41 19 21 97 32 78 55 82 19 48 22 42 30 3 28 21 76 15 78 24 6 68 68 37 88 39 94 51 8 62 26 32 48 84 79 7 93 82 45 4 7 66 77 13 40 50 7 80 19 61 83 18 34 7 21 98 71 7 33 91 65 24 49 38 46 37 
80 36 80 22 87 58 94 2 5 74 69 34 89 24 7 2 22 21 70 62 2 64 48 32 12 89 17 93 86 87 61 32 84 65 8 10 69 41 84 98 6 24 78 69 92 48 51 26 25 38 12 34 91 82 31 38 12 25 88 19 1 11 93 91 18 33 22 6 66 21 27 64 80 55 86 81 24 50 76 53 86 7 83 77 87 45 77 17 54 98 31 40 46 13 20 1 84 1 92 91 4 9 53 39 62 80 77 48 51 6 48 35 74 84 3 60 48 81 53 57 23 37 25 70 93 38 36 45 
80 25 84 19 65 54 34 62 62 71 28 96 84 66 17 24 25 16 85 32 44 61 36 83 14 90 46 47 97 38 9 77 15 12 94 36 46 83 52 39 54 23 46 99 90 15 7 5 46 76 4 59 36 97 84 81 54 64 63 86 3 72 85 12 93 30 76 96 71 93 73 73 51 21 63 48 58 52 52 92 46 27 64 23 4 43 31 4 74 91 39 83 11 40 90 34 62 4 16 41 75 23 36 68 4 76 75 15 28 46 70 3 38 90 98 23 47 88 25 73 75 60 70 86 69 83 27 55 
34 18 26 25 56 54 94 92 31 89 39 56 60 76 17 16 72 41 29 70 19 3 56 38 61 83 40 59 81 81 13 91 28 76 44 86 56 6 10 13 22 83 38 7 33 60 31 81 32 47 45 94 58 25 94 17 40 31 34 78 2 57 70 54 29 40 40 11 76 6 92 63 2 75 89 88 16 54 62 72 8 37 31 38 57 73 87 25 55 29 27 39 77 40 41 56 97 1 45 100 100 23 28 42 67 37 63 67 93 27 70 71 59 90 29 62 28 65 25 9 88 96 60 18 70 65 39 73 
56 33 48 5 36 100 47 15 81 64 96 28 72 51 25 53 12 47 46 42 34 65 14 87 53 73 96 39 61 9 58 82 38 40 4 94 40 86 28 76 12 77 20 71 13 73 45 25 100 71 79 2 65 78 1 2 71 60 99 10 54 60 5 57 42 15 93 47 91 4 55 90 99 87 60 13 92 50 57 65 23 19 26 50 55 12 47 66 98 80 25 56 4 37 28 39 38 6 23 96 86 19 97 18 83 63 3 48 76 73 2 12 52 66 10 6 29 86 23 23 93 45 23 79 21 76 92 37 
64 88 99 21 45 3 97 86 9 96 29 26 50 15 63 38 29 17 47 10 67 25 45 85 54 60 8 37 31 51 100 53 97 26 20 86 4 67 75 20 22 3 51 41 86 52 68 47 64 32 18 82 65 96 73 24 11 21 52 64 51 71 40 25 80 40 79 68 55 63 100 10 9 24 4 71 76 31 25 12 38 58 30 91 6 36 16 84 33 80 92 46 48 95 73 92 67 9 62 93 41 20 83 50 21 90 56 42 64 80 87 99 67 40 52 55 96 29 21 69 92 43 91 85 12 12 6 53 

128
4 37 23 6 91 38 12 27 49 21 68 64 13 96 49 45 39 73 46 8 57 26 53 20 32 81 5 99 81 97 59 78 84 49 70 96 25 24 24 97 86 31 27 28 45 19 88 50 41 14 74 32 66 23 50 7 60 48 90 19 84 88 96 66 95 33 9 5 43 27 30 79 96 21 17 41 26 92 86 15 71 74 20 93 19 57 30 67 62 28 59 93 1 69 26 49 33 92 42 91 5 71 54 95 11 86 19 93 49 40 45 2 87 26 66 37 99 36 93 37 52 58 56 85 100 66 68 27 
30 95 65 89 82 83 64 28 34 8 71 23 89 87 73 13 90 30 22 62 44 43 41 83 19 34 83 6 69 40 55 28 17 97 32 54 76 35 77 98 2 95 76 15 12 35 56 6 16 69 59 47 8 71 32 39 86 43 6 23 11 33 62 16 35 11 65 24 65 72 80 86 28 80 95 41 100 95 60 15 36 20 42 52 100 16 62 39 15 62 20 41 87 89 77 19 88 40 7 50 86 46 14 42 54 51 54 85 22 13 97 62 60 14 66 84 16 85 5 81 68 58 13 89 46 28 32 97 
88 81 3 100 95 48 57 79 28 23 4 16 34 14 53 13 66 8 19 73 3 22 15 28 47 56 2 7 17 77 40 11 47 18 20 58 31 11 4 45 72 96 93 16 80 29 62 23 35 49 18 26 99 48 59 44 54 8 30 55 55 36 56 51 16 26 90 88 60 43 24 53 36 68 98 82 56 63 35 84 19 10 41 31 90 91 46 89 93 49 6 6 99 14 44 74 13 6 37 38 60 91 35 45 82 88 54 99 41 59 29 52 38 50 62 29 85 18 63 59 10 11 60 46 72 95 53 5 
96 81 50 72 100 75 28 67 68 35 93 25 40 38 43 19 83 90 49 6 44 70 10 46 83 84 26 48 87 98 70 31 22 100 44 70 100 60 43 61 59 71 8 9 41 91 25 37 16 6 97 99 15 98 99 42 62 9 92 33 44 56 99 7 54 98 96 93 35 14 97 1 22 88 22 80 84 55 63 94 67 65 30 96 65 23 19 39 97 57 76 68 59 72 17 19 58 8 76 83 67 80 85 61 95 67 83 45 65 70 94 10 69 56 68 98 16 45 37 25 77 53 92 4 35 91 83 53 
68 13 18 1 6 43 79 15 84 12 68 31 31 83 97 69 57 30 24 87 6 99 98 24 61 48 84 11 1 64 65 27 57 58 18 56 89 26 63 34 98 86 84 12 83 51 64 56 41 24 73 65 96 97 24 57 11 16 50 68 98 84 12 24 65 11 62 71 100 62 2 22 17 74 63 47 9 69 64 85 63 1 19 78 66 92 54 10 57 21 60 75 24 87 47 60 72 95 4 17 14 58 35 47 93 87 2 40 17 42 80 42 100 82 95 92 15 76 97 37 68 84 37 11 95 76 42 83 
90 27 20 20 89 91 47 13 41 90 24 47 31 45 68 37 4 11 56 18 97 84 47 20 80 53 2 74 17 67 77 5 70 46 52 47 39 85 37 88 87 11 13 4 35 99 1 52 27 55 94 19 50 21 70 45 1 63 38 7 44 50 81 42 1 49 34 85 61 99 77 36 89 29 49 31 24 28 94 97 57 6 89 73 67 39 85 26 75 43 21 7 22 18 89 2 71 56 97 4 43 34 23 57 40 16 41 64 55 99 7 86 85 82 86 39 92 89 13 81 81 9 55 80 77 78 18 98 
76 10 66 23 57 1 4 83 8 37 56 87 100 16 45 94 9 52 24 61 92 35 28 21 4 67 77 87 94 36 62 72 44 15 92 38 59 81 31 43 60 12 27 64 83 97 91 29 91 51 36 27 85 82 10 94 64 88 46 100 40 12 27 65 74 64 91 1 28 65 92 99 34 52 76 48 51 59 73 34 99 97 17 13 41 6 17 43 49 58 18 11 41 63 29 86 39 5 3 8 97 18 52 80 72 58 93 65 38 1 64 15 39 70 91 39 53 58 91 14 19 58 78 25 3 89 98 73 
76 13 69 75 82 11 86 47 83 21 94 32 26 57 46 11 18 39 6 13 65 31 79 50 69 59 5 28 87 29 72 32 26 17 84 63 23 90 87 22 83 26 17 10 88 3 18 94 79 96 79 20 41 88 10 60 32 21 39 26 77 96 71 1 4 8 76 82 8 72 17 35 87 13 72 41 84 24 85 69 71 92 49 94 32 6 54 50 44 66 49 69 41 45 21 82 25 63 34 93 48 87 58 73 53 45 23 23 21 44 1 2 10 68 85 56 8 29 97 93 77 68 66 27 98 37 68 46 
72 86 73 41 8 67 97 59 99 11 64 63 69 26 93 30 16 55 49 39 59 12 3 97 39 27 46 15 58 39 27 24 2 4 6 16 4 55 71 83 54 22 17 84 74 79 37 21 44 42 35 25 62 51 75 98 74 100 78 1 79 64 31 54 71 65 3 92 40 64 91 32 82 15 33 96 77 14 54 40 24 8 31 48 13 47 33 1 29 70 9 96 78 92 87 31 43 15 66 23 72 18 13 58 15 81 57 86 66 84 7 53 14 58 47 19 95 76 73 72 25 75 47 34 87 14 83 55 
81 15 58 19 75 80 41 13 88 73 96 94 53 52 72 90 51 51 97 69 46 89 4 17 46 8 64 26 93 95 16 22 19 92 36 63 79 86 56 81 75 98 18 72 65 83 2 81 35 73 16 44 52 11 77 98 52 59 93 68 38 74 96 96 27 55 83 26 34 49 81 46 50 89 19 24 24 88 32 88 37 65 73 71 58 6 56 53 2 72 25 36 12 96 45 37 46 11 47 62 9 53 21 56 26 66 92 2 28 17 2 6 3 93 91 26 24 45 85 9 94 79 85 59 28 80 95 74 
20 86 37 70 24 57 55 60 19 44 20 38 2 91 37 94 7 81 62 69 33 40 17 66 26 39 88 43 22 55 57 65 61 100 20 34 22 94 11 36 44 60 52 53 53 76 100 78 66 9 34 40 55 80 84 51 35 68 78 45 10 52 19 35 52 95 96 86 65 72 93 65 59 73 62 73 47 76 39 17 64 47 20 95 8 25 96 94 29 39 95 73 31 16 49 9 14 36 21 74 67 69 50 24 86 36 89 83 30 2 74 67 57 26 27 42 69 42 39 90 15 16 8 84 46 95 92 41 
3 49 52 63 29 76 41 23 54 24 30 12 40 7 74 16 32 96 56 33 98 8 16 31 75 18 44 44 31 44 71 57 43 14 4 95 39 55 74 40 27 38 79 38 63 19 50 88 54 34 34 8 11 2 36 9 23 26 95 79 54 28 54 75 98 3 17 67 4 7 30 13 72 33 55 91 40 69 95 67 51 7 21 84 39 49 53 48 76 7 46 87 63 82 54 49 100 11 68 91 54 43 72 52 59 59 10 45 34 65 76 9 59 39 69 63 72 81 5 73 26 86 44 54 98 19 62 30 
48 90 52 24 31 48 4 28 62 49 20 94 27 93 5 63 78 80 91 95 80 33 68 38 29 82 29 47 82 59 46 37 83 85 66 8 72 45 46 12 90 37 26 13 17 2 74 47 84 99 62 14 28 85 1 96 80 68 6 50 28 25 54 88 13 64 96 1 97 67 95 78 91 7 60 58 93 27 88 78 84 95 18 34 92 54 36 4 76 76 5 90 64 85 79 30 82 50 64 41 78 85 23 93 13 34 84 1 95 1 26 37 27 86 60 53 71 36 53 12 22 93 21 85 42 80 56 79 
37 60 13 86 6 80 48 93 75 55 56 65 19 39 48 38 93 84 79 17 55 62 13 6 52 99 71 30 98 90 34 47 64 65 16 71 30 40 68 78 67 58 91 20 40 55 59 95 2 22 95 89 46 73 15 36 6 64 41 37 55 38 40 14 81 30 44 16 14 92 26 16 15 94 6 54 63 9 38 86 78 28 24 45 5 85 43 84 30 81 38 98 58 85 78 92 13 74 57 24 78 5 6 72 12 67 39 33 73 2 81 57 76 17 79 44 12 85 54 65 70 37 3 25 35 2 96 26 
20 10 48 45 94 86 9 76 26 74 29 74 39 6 93 83 93 94 31 64 94 69 18 26 43 70 66 43 2 98 91 90 65 6 3 14 86 52 74 93 56 35 37 45 92 68 56 72 61 90 13 28 9 42 18 49 1 48 93 90 63 93 98 93 50 53 37 11 33 94 26 83 76 29 89 94 43 77 33 68 80 94 52 44 23 48 47 9 68 60 4 59 37 42 37 76 41 68 91 37 32 77 27 43 24 89 40 86 55 28 93 74 22 18 40 33 65 70 43 86 4 86 49 87 70 13 37 45 
79 26 3 34 3 4 91 99 81 43 70 99 49 22 58 100 94 29 61 1 43 33 89 88 36 97 11 96 88 43 1 6 40 24 4 35 82 88 70 77 91 38 56 99 29 71 55 50 42 87 60 65 89 4 46 91 66 22 59 56 72 16 17 61 36 49 22 84 93 17 66 68 74 82 37 92 55 58 57 58 76 10 12 65 86 88 84 3 92 44 98 85 25 16 46 84 82 82 78 42 47 14 89 63 49 72 77 76 3 39 50 29 49 39 53 18 40 1 26 64 23 76 25 85 69 5 63 74 
64 58 55 83 41 16 30 52 5 96 73 58 4 47 64 99 80 4 12 22 73 62 29 79 98 81 64 7 10 54 20 66 36 38 97 32 59 62 90 22 38 33 12 61 44 22 75 32 27 29 16 63 94 99 67 86 31 52 1 14 9 69 82 94 91 6 45 66 69 69 48 93 76 20 78 63 25 75 34 65 80 94 17 71 35 49 27 54 100 37 50 24 14 66 56 57 21 69 30 4 63 25 28 21 51 48 83 83 40 27 5 60 5 66 64 28 11 88 5 56 26 7 90 100 25 6 30 19 
25 60 84 21 17 61 99 22 67 2 68 61 96 73 32 83 100 41 32 29 92 99 74 22 61 58 22 54 30 53 68 44 37 34 28 35 58 13 7 48 63 89 32 49 59 46 36 28 65 4 93 85 100 7 21 22 29 44 13 14 32 42 47 28 95 40 49 85 3 26 79 15 80 10 8 19 11 90 48 93 10 63 80 26 44 8 10 87 26 6 23 24 28 54 54 67 72 46 27 23 88 20 48 71 98 85 19 55 89 20 12 73 73 17 52 27 20 77 18 16 79 83 40 12 63 76 90 54 
44 15 35 81 69 50 100 32 65 61 49 57 49 61 48 23 36 91 65 48 75 22 96 39 57 29 81 19 2 1 97 47 58 31 75 43 53 53 90 78 65 43 14 9 99 40 25 41 9 96 3 29 47 68 44 87 28 28 25 35 32 65 65 71 32 3 82 9 2 100 58 54 53 22 23 76 71 98 86 50 81 37 11 94 54 7 38 88 68 53 76 33 92 39 62 87 84 99 45 59 98 8 53 70 54 87 11 72 76 78 56 38 71 78 28 15 73 6 67 34 49 36 71 70 73 8 30 81 
3 74 86 25 74 29 2 40 96 77 46 95 87 69 66 29 37 70 23 80 32 74 30 21 86 28 37 16 20 95 95 11 17 45 52 83 86 26 9 2 43 93 85 87 24 94 64 79 73 21 90 26 43 94 72 73 28 42 99 25 33 28 25 95 18 47 55 65 73 68 59 34 95 59 51 14 27 22 38 72 76 68 24 39 41 55 48 46 59 81 7 31 96 13 98 55 41 45 32 12 65 66 47 74 55 54 92 82 60 61 93 64 46 99 38 20 80 89 26 100 35 2 11 20 12 28 72 10 
88 91 82 18 72 5 77 32 64 82 53 53 2 58 40 72 87 97 18 54 34 99 82 88 48 24 50 59 75 57 50 43 61 28 1 57 31 40 70 75 99 77 73 66 22 70 72 78 38 67 35 39 96 61 77 32 25 20 29 63 59 93 13 4 37 24 46 19 26 72 84 11 37 84 20 13 40 92 23 67 45 73 61 25 78 64 10 53 100 22 11 98 97 4 84 44 60 37 64 46 65 72 66 40 97 54 55 65 96 61 43 56 82 66 60 75 47 68 61 68 3 17 88 43 72 29 3 43 
77 48 71 24 39 21 29 98 66 81 32 12 86 88 24 55 70 58 93 68 25 36 55 63 75 86 17 62 22 48 15 49 74 32 4 91 29 39 39 21 95 93 42 25 54 26 68 46 25 18 48 34 46 13 95 56 56 64 44 99 2 87 82 6 37 51 34 2 99 53 71 73 81 71 26 88 67 99 93 7 2 70 71 16 7 11 93 61 21 80 48 82 55 71 74 94 55 25 89 57 37 100 46 54 16 55 94 37 78 6 59 84 63 29 8 42 84 53 78 28 20 49 66 87 46 71 7 90 
24 67 62 8 47 55 26 28 100 40 81 57 95 19 36 20 66 4 98 20 76 67 85 4 67 48 32 39 55 65 44 68 39 76 71 87 89 99 89 60 69 46 51 78 42 24 42 55 44 58 74 74 69 58 62 1 51 8 41 12 85 1 53 5 34 14 99 78 70 91 91 76 58 19 97 53 30 2 36 33 33 44 31 44 1 70 69 63 92 54 81 63 94 40 54 10 11 62 51 77 59 96 26 73 76 92 6 43 29 20 95 58 69 41 25 86 29 86 47 70 17 98 5 65 88 82 8 85 
75 63 69 32 40 49 8 44 35 60 58 62 21 12 66 38 59 86 8 72 65 99 75 30 24 11 24 4 64 62 22 40 38 10 48 39 49 31 25 47 15 37 98 8 11 54 45 77 16 39 93 22 73 40 50 19 43 22 46 18 2 97 12 41 44 30 16 43 46 62 11 76 68 95 97 55 91 31 40 79 53 47 19 5 36 18 43 45 43 14 40 57 38 74 11 30 8 33 62 70 38 33 76 54 77 35 19 65 72 67 4 80 51 87 90 71 60 45 38 48 96 100 1 59 59 86 58 38 
16 87 1 29 90 81 44 69 4 77 61 80 88 25 64 48 33 90 3 58 99 76 31 32 78 11 89 38 7 36 37 68 22 21 45 13 54 45 49 76 71 32 78 58 85 13 64 83 22 45 49 44 98 3 95 70 32 4 57 28 8 33 48 54 19 19 67 28 98 74 37 97 43 37 18 74 4 77 57 54 9 31 48 63 53 99 49 64 7 63 52 44 11 29 32 27 98 88 34 32 46 92 99 51 19 51 30 16 1 3 6 23 59 85 17 29 47 72 21 51 88 23 50 82 16 11 8 19 
61 93 74 96 74 94 4 90 69 59 85 56 88 19 88 24 36 67 95 72 18 73 88 32 28 49 55 22 42 80 77 94 6 25 44 39 77 16 31 98 99 69 51 14 24 26 89 15 44 96 22 3 52 91 1 74 18 60 100 92 63 39 46 80 39 97 31 99 72 71 40 91 50 44 92 26 63 99 75 30 55 81 31 50 26 58 24 76 85 33 12 4 5 1 71 73 98 12 79 95 27 79 99 53 34 8 65 12 7 55 57 28 8 53 49 88 36 13 34 36 92 3 12 82 49 85 16 2 
27 99 64 95 98 95 57 97 67 74 57 4 77 86 56 68 52 69 96 79 29 68 50 53 8 27 50 2 27 52 62 89 40 42 55 47 92 56 41 37 1 14 81 86 85 51 71 44 99 76 24 62 43 44 72 87 33 88 72 57 23 37 28 27 88 84 83 19 7 65 87 50 55 51 79 91 58 59 14 47 69 47 78 61 96 69 40 1 75 27 50 17 12 13 14 77 54 26 9 23 53 39 80 85 22 42 89 65 45 53 42 33 82 41 97 81 65 74 47 25 10 72 51 39 83 32 1 57 
63 55 84 59 3 66 43 80 30 58 75 5 83 86 21 58 30 79 18 44 10 72 88 82 49 46 39 28 84 81 44 25 7 56 24 3 41 73 84 49 75 68 63 24 58 86 98 10 4 37 99 87 79 42 44 32 78 26 2 2 79 57 79 35 14 64 73 52 42 97 20 30 25 28 75 48 79 16 94 9 5 14 2 62 39 9 2 100 11 79 61 99 20 63 83 73 51 44 36 80 68 49 78 65 83 53 95 23 41 88 15 43 97 3 11 38 44 69 30 40 72 2 62 2 11 80 83 26 
51 47 12 84 97 45 30 61 23 12 97 40 26 47 4 29 52 51 4 65 100 93 72 77 87 74 80 78 75 91 79 41 55 51 29 69 30 11 97 22 55 36 91 7 100 85 21 17 41 63 27 9 68 93 21 31 83 72 84 77 25 89 88 40 69 89 76 94 55 77 6 51 92 10 8 47 52 29 3 56 10 2 48 84 28 54 44 23 91 60 40 30 57 42 64 70 37 87 72 30 44 51 97 86 81 9 45 34 54 52 29 31 1 89 97 56 11 4 53 3 80 25 39 17 55 89 82 11 
77 93 93 35 88 78 90 62 80 70 57 55 34 30 59 20 67 68 36 4 39 74 73 93 86 48 70 34 23 11 87 79 35 14 16 44 36 46 82 79 39 16 96 82 39 46 98 37 60 6 53 23 50 41 7 39 17 64 48 61 16 31 73 18 100 11 40 44 52 82 48 38 88 28 74 67 34 60 93 61 99 95 94 23 37 17 3 95 16 2 49 90 79 10 11 73 65 8 29 37 88 22 41 37 53 14 68 78 8 73 72 3 46 53 73 99 44 25 54 72 65 77 45 97 40 51 18 22 
19 12 7 42 84 8 91 73 98 1 45 67 31 57 40 5 27 49 25 59 70 61 27 85 78 66 5 10 83 99 20 74 29 95 95 91 32 90 45 10 29 78 70 99 63 59 80 78 75 18 55 95 1 62 6 48 44 69 88 34 44 38 23 5 93 14 40 32 75 56 52 45 80 88 1 56 50 68 20 62 58 46 53 11 7 4 51 4 51 73 51 27 10 59 11 88 81 21 51 65 78 39 14 4 61 100 61 3 58 11 64 97 11 9 46 99 81 74 35 33 26 26 76 26 59 94 78 29 
31 87 99 2 93 10 74 49 14 73 27 21 72 25 33 23 80 80 83 95 67 61 37 43 31 33 13 20 17 16 98 34 88 13 48 8 92 82 20 70 55 56 45 36 64 53 54 12 71 51 78 88 61 32 22 10 64 54 34 79 1 73 91 41 27 50 58 57 31 7 53 61 34 56 86 62 58 44 68 32 33 37 70 12 82 28 93 74 62 76 5 21 10 16 83 20 2 47 86 78 53 12 52 44 38 71 50 58 66 26 94 87 50 47 63 52 100 61 34 44 97 8 60 49 34 10 16 38 
27 72 47 16 23 30 37 77 90 54 29 31 51 26 60 45 74 12 54 77 37 18 9 90 77 82 22 78 47 23 77 99 91 52 17 25 25 4 12 47 51 19 48 43 67 53 42 43 97 21 2 33 38 63 23 49 45 57 12 42 42 62 63 66 22 3 5 15 27 47 22 42 17 34 23 65 16 18 93 75 10 21 91 22 67 29 95 62 51 13 77 88 67 43 49 41 44 71 78 40 21 51 58 82 20 26 64 53 87 10 12 10 10 81 38 91 71 28 89 59 45 23 25 80 90 27 87 55 
57 49 96 42 15 43 21 83 95 12 81 47 59 20 71 13 29 29 86 99 56 75 78 14 48 15 97 98 31 10 77 4 60 64 84 40 72 95 26 65 84 68 41 99 30 53 63 10 3 48 71 96 8 63 81 89 51 76 87 70 61 63 28 84 90 94 93 69 73 84 97 12 61 57 73 45 46 49 15 99 4 82 94 41 4 88 98 86 48 51 26 40 10 99 95 92 23 43 71 83 90 30 38 36 3 35 67 5 80 91 39 75 7 97 13 10 40 89 2 35 1 39 67 68 20 37 43 86 
35 72 58 49 43 24 30 21 61 83 46 79 20 36 24 30 57 82 87 95 63 78 48 2 12 33 28 94 27 6 51 59 6 1 91 83 39 67 64 80 85 5 19 83 42 79 37 87 70 84 97 72 43 76 100 82 83 49 20 79 49 38 39 3 51 5 33 85 44 30 80 91 97 60 32 17 10 29 86 76 30 41 89 29 34 11 3 71 86 26 15 25 25 76 75 43 24 16 45 35 68 62 27 31 23 1 20 94 3 61 31 84 57 81 70 74 77 82 43 29 99 92 82 25 14 100 72 1 
15 92 14 66 48 19 64 81 21 36 15 44 58 96 37 67 10 57 72 27 68 66 23 48 33 72 48 48 93 4 85 67 81 14 52 20 4 96 32 11 56 32 78 13 63 25 83 81 83 13 60 24 19 78 16 88 71 42 5 80 62 13 82 27 85 21 39 26 43 94 77 35 95 45 96 95 94 17 62 78 38 80 25 54 65 75 48 73 66 37 6 91 73 34 76 35 61 75 80 96 95 24 97 24 76 56 85 68 79 80 72 79 44 50 52 15 60 20 18 59 38 18 30 100 61 45 25 10 
75 60 6 23 38 70 31 49 5 37 22 23 97 61 64 34 36 73 19 61 78 51 6 71 78 33 85 38 88 62 100 36 100 89 45 45 5 58 96 52 27 15 14 67 17 17 59 28 56 19 72 54 44 13 33 59 52 25 40 23 60 14 10 96 44 62 22 24 84 18 23 68 18 79 93 26 27 43 95 77 78 52 79 12 6 24 70 80 86 22 62 86 78 100 85 40 83 70 52 62 47 90 84 1 98 36 23 39 67 76 19 30 83 57 70 97 95 12 29 19 17 49 7 39 90 94 92 15 
1 62 47 85 21 87 31 19 50 55 93 94 97 27 91 33 19 13 7 91 33 76 35 26 81 18 99 14 67 9 16 69 13 9 16 60 51 97 97 22 32 59 54 27 97 81 48 68 74 22 9 21 58 57 55 87 22 64 51 55 99 35 80 14 8 44 26 75 69 79 21 78 2 97 19 26 66 98 73 46 100 41 61 99 95 3 73 49 80 48 42 22 96 68 56 63 42 86 41 65 63 37 24 19 21 9 31 91 25 41 90 10 92 52 6 16 24 68 46 95 70 89 77 91 55 44 60 58 
75 80 17 48 37 13 37 10 21 58 90 6 14 18 39 6 76 31 80 18 76 51 13 71 41 60 87 22 56 38 21 8 71 94 43 91 83 88 4 45 37 97 60 40 57 78 5 41 18 6 88 92 69 54 86 92 81 29 36 55 70 70 42 89 61 55 30 10 44 21 77 21 43 69 2 39 33 41 48 91 86 99 20 14 9 86 94 34 46 51 12 47 87 97 75 10 18 44 91 2 21 10 89 35 9 11 35 68 44 35 6 60 18 21 2 73 53 66 7 77 96 38 32 36 81 19 81 41 
79 36 61 13 30 23 19 77 16 14 7 8 72 62 97 24 21 10 18 71 13 87 44 61 90 64 11 44 13 7 67 24 53 96 4 40 75 77 19 9 76 95 63 53 90 1 84 19 6 22 15 97 53 12 62 98 97 54 21 73 67 10 17 93 87 43 16 27 16 88 26 53 8 62 38 81 90 34 8 49 86 11 33 87 56 50 35 60 86 63 31 9 75 47 96 54 96 26 50 35 92 83 15 3 98 42 100 86 47 17 19 18 45 82 72 94 60 80 82 87 26 32 4 54 60 47 43 74 
63 13 89 6 72 31 78 46 68 59 10 78 63 52 83 58 71 2 33 48 55 91 63 51 28 28 32 58 64 45 10 89 13 31 45 33 36 71 15 69 47 27 23 80 20 76 72 74 19 56 39 67 50 43 19 93 3 9 35 88 45 50 62 30 34 96 91 89 56 88 71 30 31 43 55 100 23 36 40 28 15 95 10 17 9 39 69 79 30 55 94 56 52 78 73 99 90 85 94 97 20 2 6 12 52 6 86 93 28 49 86 21 57 53 95 44 15 56 41 15 62 71 53 94 85 88 98 59 
45 62 82 28 72 44 54 35 45 62 57 65 79 14 51 50 42 58 69 79 6 9 44 99 87 89 46 82 63 76 2 42 30 50 80 4 7 50 61 83 84 55 68 3 39 97 88 78 74 27 4 65 68 23 97 33 29 60 75 48 96 16 59 8 86 30 71 28 42 65 86 72 11 82 49 75 94 38 98 100 24 4 32 100 10 97 64 83 79 61 99 68 6 17 60 54 85 38 3 52 77 9 65 19 71 35 90 2 10 90 25 78 2 52 14 23 64 68 54 15 71 59 6 2 10 2 1 6 
3 69 84 76 4 5 15 70 12 89 46 50 44 41 87 71 50 64 6 62 41 84 54 92 35 15 81 94 4 29 63 89 56 75 83 84 94 54 27 6 85 84 61 68 40 22 54 70 53 51 90 57 47 96 64 42 76 9 67 32 44 66 65 31 91 97 31 8 13 63 38 71 80 14 80 88 25 38 69 37 95 86 12 32 100 65 25 29 66 48 73 25 65 90 44 21 29 71 89 96 39 45 98 46 87 64 6 27 17 100 57 59 96 65 11 27 77 94 92 45 48 96 29 59 28 81 74 49 
58 52 7 44 9 92 33 5 67 9 3 79 82 61 81 92 79 71 55 94 38 24 33 18 36 7 33 76 46 62 81 37 6 21 4 100 75 27 51 26 84 15 32 90 9 81 57 92 73 48 41 6 63 2 24 40 76 58 77 90 80 98 1 71 33 17 21 24 12 90 98 16 5 6 12 54 42 59 73 11 10 97 92 81 87 21 54 35 89 20 43 75 85 24 76 41 39 69 96 93 14 91 72 82 68 63 95 49 72 71 34 38 54 42 61 52 64 76 58 59 31 50 81 13 64 53 68 30 
91 29 64 33 95 79 44 30 79 90 26 33 17 98 51 87 77 30 62 40 68 72 48 68 90 67 31 6 76 36 76 90 62 8 85 54 20 81 35 67 47 50 40 48 75 64 49 79 51 2 69 75 24 21 81 51 97 77 63 69 30 66 17 37 28 7 48 10 45 59 4 61 20 28 41 85 35 96 98 63 87 86 54 7 12 42 24 26 50 76 75 66 90 11 14 86 97 49 72 43 42 21 59 16 46 67 22 48 37 31 12 85 62 69 11 99 99 60 58 46 15 57 26 45 76 10 3 55 
84 18 33 39 2 80 21 100 45 68 42 61 41 49 51 63 28 27 38 30 39 74 5 64 65 96 37 2 88 44 68 87 43 20 40 40 6 56 84 49 40 23 17 92 26 32 17 39 69 97 86 30 70 29 71 63 71 64 23 49 17 36 2 31 24 85 27 61 55 44 59 95 88 79 27 29 61 7 28 63 41 71 40 42 49 36 35 58 79 54 28 78 40 47 40 97 20 97 93 74 30 44 63 70 53 76 13 40 99 40 44 9 35 96 75 94 92 52 58 31 3 18 24 1 53 80 35 62 
23 5 59 95 74 2 30 38 67 43 46 41 78 4 35 55 80 81 63 94 95 73 7 29 25 62 44 42 72 12 46 2 29 9 47 24 42 63 35 63 61 36 55 100 90 46 51 44 8 53 72 34 9 34 66 31 31 89 83 9 33 62 77 94 73 68 36 77 81 22 98 74 45 62 66 34 49 87 87 84 87 37 63 18 7 48 96 51 77 53 97 59 91 88 80 44 56 98 71 18 88 73 20 33 57 26 65 69 85 90 16 47 21 77 27 38 13 98 32 32 25 67 71 62 56 87 84 57 
86 41 86 27 15 88 44 66 74 19 68 90 19 24 89 73 17 8 81 98 39 9 58 50 69 2 84 75 54 1 60 74 3 26 84 68 34 80 90 31 80 90 85 90 55 64 34 34 21 22 72 50 49 48 2 81 75 54 8 99 2 42 28 98 23 76 54 86 33 69 95 22 55 47 86 80 17 95 59 98 11 4 72 99 27 20 5 66 45 9 80 89 67 97 17 32 89 37 86 39 91 14 2 62 22 85 39 87 53 9 49 5 4 62 17 27 8 40 14 43 84 73 63 76 39 95 33 46 
59 9 31 36 37 16 99 38 70 29 2 53 22 1 35 19 56 59 72 4 17 61 94 85 99 82 49 14 56 4 99 7 51 89 97 6 24 82 23 76 91 54 1 5 14 48 89 45 54 20 96 44 98 47 83 32 4 61 91 34 15 67 8 15 90 61 93 19 17 29 84 59 85 65 83 14 95 25 100 13 59 89 73 81 47 97 35 53 45 21 4 16 28 32 38 69 4 64 50 33 11 12 77 11 48 21 97 70 26 89 31 89 100 36 88 25 47 56 78 82 75 72 28 91 63 60 8 67 
24 31 100 87 13 28 99 80 52 7 46 12 46 31 58 3 11 56 48 10 68 39 86 89 46 71 3 73 40 79 51 40 52 85 31 32 18 81 100 18 32 62 66 28 57 88 2 53 24 67 57 79 64 39 13 8 50 76 62 57 30 96 74 85 90 39 96 42 43 46 71 77 1 87 53 18 5 36 62 65 49 10 15 28 12 87 23 37 47 95 96 20 31 88 33 60 79 64 75 100 56 12 49 69 3 70 100 2 27 90 14 37 92 84 51 96 8 20 58 75 100 96 62 20 85 10 60 94 
31 21 74 74 81 2 48 78 86 90 58 49 15 38 47 28 99 14 52 81 100 86 4 17 10 38 43 34 92 55 100 47 89 30 99 80 25 17 94 49 34 84 8 73 9 82 60 62 84 79 35 86 55 4 28 97 13 69 83 86 6 91 8 12 7 98 45 18 50 96 59 96 70 47 24 39 5 55 65 62 64 52 11 71 62 67 39 6 49 30 54 49 66 25 52 43 67 58 5 68 70 88 89 60 51 32 12 63 18 72 19 90 62 92 20 73 97 78 92 40 26 17 93 77 95 5 9 65 
94 1 33 62 86 81 82 90 5 78 36 42 85 51 20 65 36 52 98 14 52 78 19 59 91 17 27 43 74 25 2 67 48 76 11 44 54 2 42 57 28 86 23 86 94 52 51 43 12 44 6 63 11 82 32 55 93 75 48 100 99 10 67 36 89 86 83 11 45 55 83 72 24 47 92 25 85 8 65 77 87 99 3 8 6 15 20 84 16 94 73 51 58 67 17 59 16 28 20 37 57 18 35 41 92 75 62 34 22 95 32 53 61 10 73 50 56 72 50 71 84 67 17 43 18 5 75 54 
67 22 54 83 68 40 6 3 42 7 42 72 16 60 67 56 6 56 97 71 70 58 35 38 21 9 20 82 41 47 45 72 76 75 81 58 11 80 78 97 16 5 38 49 4 60 26 70 93 78 18 41 40 85 29 38 54 61 87 47 1 15 72 97 20 91 90 84 6 68 49 61 95 89 18 88 39 90 46 80 100 71 4 70 82 72 70 60 17 23 80 37 31 9 82 44 11 27 64 3 61 12 90 30 26 2 76 61 94 87 42 64 37 56 88 92 91 12 70 54 8 82 94 66 47 70 14 63 
28 99 83 34 67 57 90 40 63 77 70 56 32 94 38 40 57 77 29 54 25 36 19 74 100 82 82 97 52 82 13 33 57 78 19 16 37 91 76 59 96 74 83 77 64 32 75 50 76 1 15 47 18 89 55 2 33 97 94 74 4 96 41 67 16 29 77 3 72 9 92 19 82 40 64 44 89 24 64 44 17 53 95 21 99 82 26 88 82 84 5 25 77 77 1 75 98 40 17 30 21 11 90 52 85 47 51 25 96 72 1 96 74 84 12 31 80 40 54 46 97 30 88 27 4 61 9 2 
63 86 65 13 59 75 3 59 69 92 82 72 89 13 91 20 5 99 6 89 25 91 45 58 60 41 9 70 65 90 94 24 38 71 7 52 77 14 38 98 2 63 21 49 96 29 17 87 11 29 9 51 85 70 82 35 24 49 98 63 63 83 27 18 93 20 90 31 18 55 51 2 55 35 59 73 60 8 39 9 60 95 18 57 33 90 90 25 13 47 43 94 88 66 93 54 62 17 91 14 47 28 7 64 69 45 16 42 83 77 97 90 20 76 88 31 93 34 40 36 50 79 94 72 14 36 50 41 
18 1 12 81 52 69 49 78 24 53 8 33 47 41 76 70 2 73 72 9 77 63 16 12 1 16 97 47 70 32 76 84 5 5 19 29 33 59 1 38 64 6 12 79 93 76 71 21 48 82 12 80 49 72 78 61 64 55 96 93 72 34 87 22 67 49 8 100 50 18 28 98 9 44 31 22 45 65 23 79 40 50 55 10 25 70 67 59 40 11 21 92 20 100 45 54 19 11 30 23 46 37 9 20 78 32 65 56 46 64 83 48 27 86 30 20 76 4 98 78 1 97 6 82 69 88 24 54 
47 30 69 7 18 85 100 91 29 26 43 24 30 75 15 96 28 53 39 11 59 95 68 91 23 12 43 10 61 66 79 53 73 64 5 42 51 69 2 99 52 69 52 49 79 67 59 24 69 44 5 97 50 71 15 68 17 45 14 12 54 11 39 51 54 98 75 6 78 6 62 31 80 66 76 73 98 22 4 62 40 34 80 44 81 67 61 46 64 80 5 99 65 7 11 16 17 7 46 17 26 83 68 9 44 8 27 51 11 92 13 80 74 96 48 67 99 60 66 30 49 20 55 37 94 77 51 11 
96 56 82 17 2 97 92 16 82 48 14 55 62 73 94 4 67 90 18 93 42 33 4 18 58 29 5 73 92 85 23 67 57 68 39 93 69 20 79 4 96 57 68 73 46 64 36 100 23 67 62 36 32 11 97 12 83 93 50 99 1 5 36 13 70 88 70 12 76 95 20 90 99 4 22 73 81 73 70 30 46 67 10 23 10 57 9 11 18 21 86 95 15 46 45 10 9 55 87 96 27 75 88 20 67 9 99 7 69 53 72 20 79 28 56 98 40 44 46 46 25 16 1 54 11 31 51 86 
51 98 96 44 42 51 61 11 16 19 51 43 67 60 67 33 35 67 91 85 70 52 30 15 5 36 12 50 57 18 28 33 7 33 71 8 96 56 34 43 98 71 26 98 51 89 85 25 27 35 32 92 99 100 60 81 62 29 30 72 5 75 67 12 31 3 39 84 19 97 76 61 100 60 33 2 16 13 73 87 72 2 54 11 20 17 13 40 68 36 95 96 26 11 1 9 73 8 60 56 57 23 5 43 79 3 7 36 44 75 84 45 93 96 33 78 37 34 76 84 99 53 40 11 13 42 76 18 
90 74 23 53 47 54 12 99 100 75 16 33 5 64 88 86 49 70 1 17 14 96 49 73 66 67 96 19 79 23 15 25 74 78 75 53 41 53 37 39 88 45 85 3 52 72 96 34 63 68 91 64 63 50 8 67 87 91 51 10 53 51 18 20 21 95 61 53 46 88 65 37 14 1 1 40 61 98 1 74 68 21 58 72 52 21 78 22 80 60 94 82 90 29 65 53 62 19 15 61 92 5 54 99 81 58 48 22 27 18 33 92 32 22 54 7 68 72 26 30 34 99 68 57 25 38 49 46 
34 2 76 6 57 17 15 67 96 52 71 7 64 45 10 73 23 18 28 55 84 40 29 11 4 59 17 66 49 93 70 82 74 89 1 26 42 87 61 12 100 81 41 38 6 71 56 69 48 82 87 82 28 37 45 22 24 13 10 92 75 23 42 77 56 48 79 15 67 44 90 38 9 62 58 3 74 23 6 29 17 77 67 2 80 82 9 81 20 61 10 33 31 60 59 15 92 2 63 43 72 95 77 13 71 42 50 10 76 6 76 67 76 88 1 13 3 68 66 42 29 22 13 4 69 43 88 76 
96 68 65 68 48 18 39 73 5 83 10 46 4 31 22 65 74 95 48 29 55 62 10 55 55 45 3 1 93 57 14 40 86 85 23 25 76 69 7 54 68 13 21 49 5 47 85 1 31 97 96 77 38 37 7 38 38 97 97 100 58 53 28 55 84 82 7 2 57 42 57 20 85 13 96 71 80 50 44 57 34 54 94 1 45 76 40 5 21 7 74 97 41 96 34 97 44 46 48 66 4 70 73 71 50 23 10 82 82 35 95 76 77 48 53 28 88 100 34 74 86 58 3 68 6 53 16 78 
94 90 3 3 28 32 56 71 95 70 31 63 49 79 42 65 86 52 9 68 67 5 59 24 15 59 51 6 1 5 35 74 32 14 23 12 52 41 13 85 90 10 23 50 41 61 34 70 62 65 66 44 65 94 99 35 29 9 14 49 62 99 94 94 89 13 92 9 87 24 100 39 37 21 47 91 4 2 34 66 37 5 17 64 55 12 44 19 16 65 12 22 44 96 45 76 68 100 82 27 98 43 82 30 82 36 54 83 36 65 47 89 82 52 85 17 61 10 100 83 4 7 34 30 25 60 85 62 
10 18 34 8 37 2 2 51 31 82 60 40 23 51 24 83 75 43 23 5 27 45 50 9 52 38 55 27 31 98 17 90 23 64 79 53 8 82 16 60 32 41 42 24 71 71 61 16 22 2 73 85 85 84 23 37 97 87 83 19 11 23 61 98 86 93 42 70 35 35 25 51 71 53 71 77 68 74 30 92 40 80 81 57 19 68 89 41 71 73 55 20 32 22 14 88 81 50 45 88 93 20 40 47 67 83 79 97 96 20 52 15 77 85 79 74 64 40 66 26 46 5 34 36 84 24 15 30 
94 39 6 81 83 6 49 67 11 19 27 23 17 72 22 22 89 83 65 70 13 25 18 100 66 82 44 82 73 97 84 59 78 19 69 10 54 32 21 5 28 72 6 14 85 71 17 75 64 28 65 27 6 51 16 100 74 97 38 89 29 83 18 7 93 42 4 80 39 83 35 12 82 79 96 44 66 60 19 43 61 32 99 43 43 85 80 96 52 30 30 7 30 1 91 74 99 81 81 82 65 46 83 8 73 99 46 36 21 96 30 27 77 100 45 100 71 4 38 89 50 20 99 67 8 5 26 24 
28 36 96 87 75 18 65 45 68 17 95 94 57 70 58 53 12 91 85 61 96 23 67 84 89 28 46 13 21 28 20 21 79 31 71 49 28 3 62 7 77 41 43 38 8 19 21 55 34 27 19 69 36 3 50 11 61 9 5 9 7 41 15 61 25 76 24 71 77 12 33 10 38 34 86 72 20 19 21 59 15 45 81 86 36 7 87 72 25 72 67 63 92 57 66 4 38 78 70 73 22 98 15 38 64 20 85 48 66 17 2 27 98 79 65 91 92 40 18 98 78 20 25 3 90 95 73 14 
62 63 50 55 19 84 55 4 70 44 23 66 34 37 82 86 92 21 58 40 84 82 32 85 21 42 57 6 97 84 13 47 77 83 99 33 75 71 45 54 10 46 80 42 32 13 31 28 49 50 81 41 15 52 61 28 56 89 45 58 3 56 41 64 98 15 81 7 88 66 57 69 3 17 69 9 24 10 24 77 85 3 40 18 6 79 47 93 24 34 61 36 47 86 26 87 47 91 56 25 4 18 8 26 8 78 89 81 25 79 86 56 88 44 14 11 65 62 12 71 64 73 72 61 16 90 42 6 
78 2 45 15 24 79 89 67 50 36 41 20 4 2 84 23 81 24 32 72 20 78 87 90 94 93 74 71 27 57 51 11 52 29 63 93 36 80 40 38 97 24 51 40 81 7 30 66 94 51 28 42 51 74 53 74 92 75 23 52 76 19 85 56 28 44 19 51 47 89 78 9 12 34 73 35 100 95 80 3 21 95 57 35 94 75 96 47 79 50 40 6 83 11 22 59 76 73 19 34 19 84 30 26 69 77 23 47 21 6 39 55 99 77 71 56 100 44 86 2 43 15 3 19 15 14 88 74 
94 7 61 100 30 14 36 92 6 94 79 38 59 55 50 6 27 48 19 90 10 86 67 57 8 17 23 90 2 44 86 52 87 52 9 27 49 38 48 11 100 44 47 47 47 98 74 40 83 45 40 99 20 45 30 1 69 65 33 2 50 60 29 9 99 45 17 1 28 21 63 22 31 16 26 97 74 65 77 42 5 67 6 69 6 40 7 91 59 23 99 21 92 30 76 61 74 9 35 32 75 70 53 95 15 85 13 62 45 26 45 26 11 64 50 27 3 64 14 41 10 46 48 58 12 27 63 56 
24 61 11 6 13 31 36 97 71 84 31 65 23 25 34 38 47 48 95 88 97 84 76 73 62 47 33 45 77 67 6 74 68 72 83 97 23 56 10 64 89 72 64 74 87 79 14 92 65 20 29 14 94 41 60 69 87 29 69 26 49 37 98 95 27 39 53 88 6 43 18 28 59 98 92 77 36 15 3 2 55 40 37 48 19 50 82 11 29 53 68 61 66 66 42 31 57 17 52 83 11 89 12 22 78 2 56 74 23 98 92 43 75 23 61 18 84 32 67 50 35 2 34 26 93 57 55 90 
86 83 5 66 13 40 57 76 78 43 59 18 56 36 22 26 55 42 40 100 89 83 17 29 90 53 100 81 14 55 31 84 42 73 63 69 35 44 28 87 26 46 98 39 59 8 40 61 25 60 7 82 49 74 83 30 10 70 61 35 96 76 76 22 60 78 74 76 56 93 14 52 96 18 31 54 11 71 42 87 86 66 92 40 5 82 90 32 55 76 42 6 29 47 74 42 42 14 82 51 73 50 13 29 58 64 80 96 78 16 1 80 9 72 50 62 49 90 44 79 17 51 89 72 87 96 84 18 
62 59 56 74 38 19 35 15 93 7 25 75 46 84 67 76 36 13 33 20 57 59 60 79 23 68 20 15 67 1 82 56 93 39 27 73 23 13 72 35 81 64 44 20 20 15 71 83 77 81 86 66 93 52 67 76 74 87 39 76 17 39 52 26 82 78 92 29 84 52 86 80 5 42 7 44 24 92 50 37 45 29 84 73 9 78 3 10 39 59 48 40 5 65 90 98 79 21 1 100 32 95 91 5 87 39 14 74 2 7 26 6 92 29 64 55 40 48 87 53 87 29 77 6 19 73 37 10 
66 71 8 95 64 43 10 4 49 8 91 17 53 93 26 95 38 80 52 14 79 19 44 14 29 29 53 93 98 99 45 93 68 89 89 75 97 71 12 96 52 95 64 99 62 22 26 66 38 71 78 100 66 19 84 95 76 50 61 99 71 84 12 15 41 91 82 10 100 28 40 69 24 72 81 95 97 5 47 56 86 82 94 11 1 15 58 65 75 72 16 7 86 47 12 76 81 20 57 94 64 1 86 75 65 94 52 57 18 31 52 98 44 48 78 93 31 52 62 97 79 68 26 45 43 78 100 72 
52 41 42 62 64 23 19 66 46 82 87 61 1 60 49 18 45 29 44 12 94 77 5 21 40 2 64 61 61 6 41 35 53 41 59 69 63 62 85 94 37 44 53 91 9 59 95 50 25 46 95 79 44 51 70 75 50 25 92 83 14 6 9 61 89 37 94 53 10 97 11 7 16 75 47 51 92 4 53 52 55 7 96 86 58 37 25 90 68 82 41 55 96 87 95 10 68 65 94 97 41 13 98 57 92 67 91 93 20 12 67 90 45 43 42 44 64 8 43 29 92 72 64 37 52 72 96 10 
66 84 68 37 12 1 96 88 49 65 7 17 14 7 26 55 73 79 53 79 78 8 78 58 88 24 11 69 82 19 90 21 63 82 83 89 30 62 96 16 38 41 7 7 86 84 29 71 52 26 82 66 67 92 97 40 61 50 61 44 6 96 32 68 74 100 39 85 57 3 2 86 81 54 2 96 63 16 88 98 70 25 71 61 88 21 73 3 15 57 86 100 27 12 90 41 20 38 92 73 7 5 99 8 100 57 60 94 63 46 91 92 79 36 30 37 13 94 64 7 25 9 87 26 38 83 9 30 
26 87 99 17 17 88 46 28 92 26 13 2 84 63 75 9 70 78 91 80 38 56 69 12 41 27 59 63 20 96 44 57 45 60 7 29 39 83 47 20 53 92 22 97 51 58 83 37 4 95 17 95 11 86 65 78 9 91 94 93 34 16 99 44 12 64 93 38 80 90 87 26 51 79 74 41 4 32 40 96 46 52 100 34 64 9 75 61 14 32 45 54 35 14 19 41 90 60 95 86 2 54 93 53 89 68 85 76 38 93 13 6 61 77 56 34 52 88 99 85 80 47 23 97 26 35 27 38 
46 100 79 34 19 27 5 40 40 63 100 97 35 88 18 19 20 13 70 9 16 28 81 7 31 84 36 89 30 62 27 50 53 63 41 23 96 65 76 93 48 95 57 7 61 74 43 20 30 37 13 61 48 41 82 45 26 50 57 12 60 24 31 93 19 81 3 43 89 66 32 83 93 81 91 36 37 14 61 55 66 8 57 36 28 10 65 88 35 77 81 65 12 53 100 51 56 48 47 68 34 73 16 78 91 32 63 19 39 77 51 41 9 83 67 68 23 32 14 89 88 86 100 28 70 56 38 72 
43 9 89 85 26 28 13 82 94 81 31 12 91 74 73 27 7 70 2 100 19 70 18 30 90 25 70 97 6 14 23 36 34 7 99 33 78 19 53 27 57 19 10 87 8 58 64 91 12 4 82 95 54 1 48 97 48 29 8 84 39 82 17 55 79 3 47 30 23 44 43 13 41 63 17 28 56 21 39 79 48 46 23 31 21 36 16 72 40 91 21 81 50 57 91 41 71 20 64 47 11 100 40 40 6 85 91 71 21 94 26 2 38 75 38 35 100 68 83 37 80 30 82 100 99 6 93 38 
2 32 39 100 14 33 70 40 52 12 100 32 44 18 30 35 11 100 99 15 55 25 84 71 18 55 57 33 70 42 20 22 4 11 59 57 26 91 47 74 78 1 76 48 48 72 66 24 67 16 68 95 37 42 35 90 72 30 77 53 31 48 7 70 40 83 72 98 57 98 91 72 26 95 12 97 83 12 62 40 38 80 79 83 51 64 96 2 98 78 95 82 5 49 75 52 83 61 54 23 72 17 32 96 34 95 27 44 43 68 58 59 64 35 51 67 57 42 40 87 58 79 97 61 2 45 82 10 
37 87 74 44 23 20 16 72 47 60 37 38 18 74 39 85 85 18 72 19 31 69 14 21 47 7 94 11 48 7 38 82 78 61 99 26 14 20 99 26 45 7 83 37 42 6 100 58 44 89 19 92 37 8 47 12 96 19 26 34 60 84 58 74 86 35 89 11 1 37 11 16 48 44 40 91 75 49 82 46 90 31 99 56 27 68 78 68 42 38 98 16 37 27 7 21 9 56 97 92 95 30 66 100 39 98 36 54 63 27 36 53 71 17 17 60 36 28 91 61 89 69 5 60 37 33 92 58 
98 60 42 82 62 32 20 33 11 93 36 40 36 39 58 16 43 14 67 9 57 77 46 99 44 83 39 45 98 69 97 55 42 40 33 3 16 86 7 70 25 7 27 72 12 22 24 65 93 43 11 49 30 43 20 19 89 34 84 9 50 80 23 43 33 48 76 97 93 73 41 33 6 9 93 90 61 91 87 1 83 83 33 46 55 93 96 91 2 38 25 31 71 14 41 22 31 91 73 86 19 16 77 41 57 94 46 50 40 99 10 25 7 71 47 15 11 72 70 17 68 100 37 7 61 62 7 56 
67 34 51 76 69 12 52 78 81 12 27 56 92 5 37 31 66 3 31 83 72 95 19 31 43 84 89 85 78 89 85 77 11 68 3 54 38 97 13 64 81 35 35 64 83 46 89 17 95 94 56 64 56 55 58 35 83 41 48 25 24 98 20 13 97 38 12 23 43 82 84 79 34 96 3 42 27 98 29 46 100 89 55 53 76 47 55 27 80 16 6 39 61 38 63 60 66 15 26 1 52 20 69 75 52 87 86 42 61 8 69 77 56 51 87 58 24 80 51 73 33 76 87 19 35 60 83 42 
62 28 18 91 21 70 17 65 51 83 4 64 9 32 97 4 74 37 8 71 52 98 33 36 75 46 40 73 11 57 22 24 32 29 91 41 25 97 51 95 15 24 5 60 79 71 14 54 35 30 2 68 91 88 33 80 42 10 76 62 8 33 38 92 26 57 77 51 26 8 11 78 31 72 30 26 67 61 64 51 59 31 46 5 98 10 59 32 42 71 36 88 68 59 95 7 62 17 100 69 70 84 46 59 92 8 50 79 88 14 1 83 65 71 15 22 81 66 36 54 15 29 18 8 45 19 39 90 
97 28 17 91 26 49 83 80 90 11 97 13 79 48 95 42 47 35 10 71 68 29 27 5 8 38 20 95 88 70 28 31 91 7 7 30 50 62 26 19 25 79 96 42 92 58 89 48 95 99 26 24 7 86 45 78 2 7 34 67 61 8 30 52 72 25 14 80 13 59 60 50 97 36 70 92 39 10 44 89 42 30 19 2 98 23 45 63 85 7 74 26 48 36 55 36 3 11 43 86 45 85 12 47 73 95 35 9 12 12 58 49 88 53 45 3 92 4 95 49 45 95 58 58 20 67 97 38 
58 16 29 73 24 24 22 81 99 96 100 84 58 46 13 48 69 15 81 81 34 34 39 60 6 58 25 29 3 53 92 8 3 21 97 83 19 67 75 60 13 66 40 24 15 65 1 71 25 89 38 98 80 25 34 84 96 2 80 22 39 85 50 97 15 90 37 74 82 79 66 20 96 58 19 87 33 4 57 32 99 70 52 40 46 28 83 74 46 55 86 1 93 63 33 53 6 50 67 84 53 100 35 28 31 83 2 80 20 60 61 80 4 79 20 1 63 4 98 80 25 11 3 14 49 96 44 92 
23 14 98 35 23 9 70 90 40 6 43 23 6 16 41 64 56 28 69 63 53 52 4 24 69 11 84 57 10 64 64 26 84 57 39 66 41 26 100 5 41 55 29 20 34 54 34 62 7 16 87 53 18 81 36 88 54 61 79 74 34 22 51 35 7 40 57 29 72 12 32 74 63 41 5 91 39 34 54 20 12 35 22 83 87 70 10 54 87 21 99 93 95 67 80 63 53 87 48 59 34 71 55 27 98 72 45 4 74 53 64 17 97 71 19 44 4 44 83 37 86 43 13 58 90 66 64 22 
46 5 5 74 99 10 31 29 82 77 20 11 79 55 65 61 24 25 49 82 1 63 94 53 97 65 91 25 3 32 65 89 49 98 78 41 93 46 7 44 47 44 26 77 78 83 43 27 90 100 49 52 29 98 55 77 9 90 92 70 69 49 22 70 64 59 18 76 26 35 32 69 96 84 56 84 18 62 93 93 31 46 42 94 93 93 62 59 78 72 40 50 10 40 51 6 25 4 66 43 63 76 8 30 74 98 29 97 65 51 52 62 83 43 88 33 53 66 20 74 27 92 20 35 68 37 81 38 
73 40 92 55 24 5 78 21 57 77 94 29 69 87 7 10 89 60 71 3 17 74 76 66 90 53 75 15 72 50 51 4 16 64 95 42 45 71 30 100 25 38 61 42 3 14 50 73 59 57 36 93 53 52 27 43 29 19 81 24 70 88 81 42 34 99 67 81 50 90 33 29 30 57 100 82 59 15 57 87 39 17 58 7 41 6 12 13 81 40 7 84 30 42 32 87 74 22 33 33 50 57 29 26 91 61 47 39 49 46 81 25 46 49 5 94 20 80 79 49 18 94 16 61 8 37 79 42 
90 5 40 8 75 5 77 53 98 7 92 59 100 8 17 85 67 16 10 56 47 31 92 57 80 45 32 73 75 44 74 77 68 39 32 63 75 77 42 29 13 6 61 65 1 5 74 36 60 75 28 75 98 87 24 6 46 86 76 19 28 37 81 23 33 76 18 39 86 86 6 74 29 27 69 97 20 84 70 79 83 37 15 49 37 51 94 37 66 97 95 79 47 100 77 12 49 26 61 27 66 23 24 8 81 65 61 10 49 98 71 76 33 7 84 28 79 64 30 48 54 17 65 85 32 91 13 44 
43 50 93 62 58 85 33 83 39 1 12 46 64 75 53 92 42 45 46 39 62 9 9 45 67 74 90 81 70 7 22 47 53 75 71 2 89 8 80 51 73 46 22 56 28 49 34 92 46 2 37 93 72 47 14 90 60 58 3 99 35 86 79 85 13 78 46 82 76 35 89 28 93 29 55 76 27 31 16 3 17 54 58 20 22 5 45 53 95 42 63 79 85 8 40 86 64 98 30 54 55 87 96 94 45 42 68 27 27 67 75 20 62 34 68 63 4 92 11 97 2 29 95 17 1 93 37 78 
18 29 32 18 14 55 18 33 77 96 80 7 85 50 65 69 63 98 91 14 70 52 31 85 82 45 78 53 15 99 47 86 86 55 22 26 28 40 46 58 7 28 40 65 45 75 20 77 98 26 7 13 51 72 37 83 3 2 92 79 47 29 93 68 54 22 31 74 27 13 84 79 89 33 54 69 2 15 83 68 19 56 65 84 4 12 6 50 5 77 77 68 68 25 7 49 72 91 16 46 89 23 49 9 49 96 28 100 38 13 47 98 16 83 36 99 37 42 24 82 64 66 34 74 3 68 70 86 
29 24 67 38 19 25 100 25 13 92 94 52 55 58 75 91 12 61 89 14 78 35 62 3 27 88 58 3 1 81 37 33 21 33 63 94 69 49 77 69 45 54 42 7 74 73 83 99 66 31 18 98 7 42 93 41 8 56 5 41 56 61 76 12 40 58 84 78 78 28 29 83 15 6 30 23 71 95 59 46 43 60 50 37 92 17 43 52 61 5 64 90 20 11 68 74 85 26 99 67 12 8 19 74 58 95 6 46 73 64 72 48 11 72 2 32 20 24 43 60 39 28 78 68 67 44 68 6 
94 89 43 51 13 73 51 81 13 25 80 66 30 59 37 25 38 85 88 36 96 36 5 54 33 8 91 77 51 11 80 94 37 60 8 8 82 46 78 10 25 25 58 93 40 73 10 30 99 1 83 79 16 97 22 20 9 86 71 64 85 5 85 53 87 39 19 60 75 60 63 64 6 15 75 50 92 33 96 41 36 16 23 11 60 26 93 47 93 94 51 29 33 26 6 99 23 17 91 81 96 87 10 79 72 38 60 77 26 44 74 43 95 19 9 95 91 16 66 20 90 19 23 84 79 81 83 80 
95 75 72 25 4 74 7 91 10 95 68 94 2 81 5 49 93 53 63 10 99 98 66 57 68 73 73 25 59 50 28 76 17 88 35 30 12 41 19 68 41 10 51 73 67 65 23 74 14 87 44 86 86 17 60 8 3 62 51 64 28 91 2 99 11 17 47 83 89 49 85 42 26 30 22 66 55 88 14 93 81 45 97 2 81 84 96 24 71 43 68 97 99 29 44 29 35 17 72 52 49 34 26 45 91 63 55 41 84 13 37 88 20 42 68 14 28 24 35 84 19 71 28 64 32 71 35 42 
13 33 35 21 100 71 41 78 36 39 52 50 63 16 97 66 57 87 96 34 59 65 12 70 64 84 32 25 79 59 1 15 79 33 54 58 100 77 70 99 95 75 13 25 47 79 9 70 93 75 14 86 57 10 43 29 58 82 75 20 8 9 84 22 96 76 80 11 27 8 69 41 74 85 29 83 18 51 69 42 28 63 17 74 31 35 21 5 25 90 78 42 74 82 68 4 35 79 18 44 46 94 71 97 47 37 52 86 74 67 50 89 66 27 61 90 69 62 84 42 25 20 59 25 87 42 43 2 
1 49 74 5 41 42 19 61 92 23 30 15 69 93 34 15 14 70 30 38 83 44 83 84 53 75 32 58 73 96 55 86 38 83 47 22 52 30 1 59 54 58 76 67 5 37 20 60 85 52 73 38 5 52 43 71 6 52 37 14 49 89 52 94 90 68 61 7 99 43 18 49 52 50 25 85 6 20 13 60 91 23 61 27 51 56 38 47 56 2 8 44 51 76 64 97 40 53 9 21 29 76 81 21 8 28 45 60 22 30 31 52 16 24 30 87 24 36 19 16 7 34 43 47 30 54 65 30 
5 5 70 38 72 30 14 66 8 16 29 6 12 34 73 70 48 54 13 88 49 49 46 50 35 15 34 41 63 54 75 27 10 85 56 20 10 44 49 4 49 25 99 10 63 36 43 15 75 66 65 44 70 55 96 90 15 70 99 61 43 21 24 55 9 45 40 37 79 67 67 22 59 24 74 15 12 18 66 20 56 43 42 89 15 21 84 70 97 47 88 51 52 7 54 46 66 24 57 47 5 90 60 42 70 72 31 43 15 30 69 83 56 19 57 1 67 60 74 28 99 49 76 10 54 31 52 100 
11 23 67 89 63 42 94 47 53 54 44 65 83 36 96 2 7 22 21 78 64 87 75 62 42 40 100 52 7 62 15 77 78 29 95 82 80 27 19 89 14 45 80 69 82 69 68 7 77 37 70 99 92 27 38 42 82 74 59 4 81 35 21 9 4 91 60 64 9 56 90 84 59 42 4 91 90 4 16 92 38 40 5 24 64 43 95 66 14 92 13 11 70 31 25 24 30 45 6 86 82 14 11 81 69 69 39 15 80 27 84 19 33 62 85 96 72 8 55 100 100 65 18 31 20 69 56 82 
65 86 77 84 23 92 99 94 60 5 37 10 8 23 61 50 7 60 34 41 100 2 5 7 42 51 23 73 64 10 96 76 92 98 42 6 39 59 45 36 47 19 46 58 50 26 78 8 40 49 32 34 15 44 9 83 41 62 75 29 53 21 64 64 89 58 64 52 28 86 54 56 20 74 43 92 34 8 83 17 52 66 28 31 6 62 44 24 5 75 10 4 29 11 28 3 14 66 4 70 68 22 40 60 37 55 95 24 43 44 28 37 63 7 93 5 13 58 33 22 9 86 65 88 14 28 1 18 
21 77 81 56 28 54 65 61 59 69 70 87 10 91 18 20 64 55 96 42 100 37 72 73 67 14 35 50 89 27 38 95 67 76 43 90 96 80 1 36 82 17 93 91 27 5 28 90 17 22 31 15 11 86 9 1 25 72 44 47 18 41 39 24 83 30 2 33 11 33 30 92 41 55 19 98 34 21 19 67 16 41 24 40 50 91 65 30 4 95 77 77 53 5 21 24 35 72 95 95 3 91 82 36 6 98 64 19 59 47 58 71 30 36 27 22 100 84 75 16 92 44 81 62 97 32 71 78 
57 86 21 69 50 6 28 74 51 82 73 77 81 65 57 18 63 22 86 43 38 2 15 83 49 66 96 33 44 74 93 8 86 15 76 64 21 1 21 77 85 5 17 82 38 28 40 61 86 72 11 37 56 25 78 52 66 38 95 6 68 54 67 29 34 27 49 2 68 41 56 17 88 84 96 25 48 70 48 82 44 82 6 82 2 4 63 41 44 56 41 12 34 8 86 89 41 48 23 25 63 34 73 30 44 98 6 78 20 91 24 63 50 3 65 48 39 32 87 71 16 75 58 1 94 77 53 4 
59 59 78 20 33 91 93 52 36 13 72 61 45 71 28 50 18 15 18 10 57 8 36 27 87 76 2 32 83 73 17 86 67 67 87 58 91 32 10 15 90 85 77 46 73 93 33 25 100 19 53 63 58 41 84 92 64 94 90 53 59 87 69 83 90 34 85 25 38 54 35 87 28 99 34 53 34 81 86 98 22 39 16 89 3 46 42 81 90 90 29 56 64 80 49 39 84 80 68 24 88 57 53 32 15 59 86 82 49 72 15 83 38 26 53 43 72 76 71 44 80 15 28 86 27 87 37 98 
41 18 96 7 17 84 62 50 47 28 65 85 26 70 89 55 46 85 35 37 61 31 74 28 83 10 50 33 100 21 62 69 25 16 86 70 15 84 73 37 27 26 71 62 89 54 94 22 76 79 99 95 57 10 99 77 51 42 91 70 82 66 31 94 3 33 21 33 28 80 70 22 93 67 97 61 49 49 57 91 29 33 67 89 97 25 7 38 76 100 7 57 31 45 24 14 45 85 42 24 53 5 90 31 19 48 94 47 8 14 83 72 44 54 2 75 5 30 1 89 50 64 51 63 89 58 74 2 
21 14 88 59 42 63 40 94 82 64 46 98 16 54 58 36 95 16 85 25 61 78 65 5 68 5 98 78 17 10 84 28 76 81 55 99 99 65 44 1 98 97 62 12 78 77 9 55 92 40 62 60 61 40 59 62 96 84 92 4 63 17 6 66 21 45 3 22 48 32 67 46 82 55 45 31 86 66 13 66 16 80 8 14 89 54 24 1 36 88 2 27 63 99 37 19 6 48 57 89 100 55 88 84 56 67 63 85 52 13 84 3 51 76 91 72 16 32 43 96 93 58 55 81 37 14 84 86 
81 62 64 9 85 71 31 70 42 89 77 81 71 51 89 3 17 59 76 71 31 63 45 84 42 61 11 85 60 1 67 37 35 80 68 40 85 19 29 30 33 32 42 42 64 84 1 66 1 18 54 89 78 43 68 37 61 22 91 35 93 2 15 7 60 86 78 24 72 16 60 47 61 65 42 46 67 91 74 93 1 100 13 28 21 39 34 60 32 21 73 14 16 65 39 92 84 55 25 15 68 49 51 77 58 83 22 12 4 61 71 14 43 6 66 67 75 96 3 19 40 97 4 20 29 83 23 92 
71 52 5 87 84 51 3 36 92 3 20 80 51 53 68 27 92 68 56 69 78 29 17 52 37 47 17 32 88 52 99 35 20 32 43 59 47 90 62 44 2 65 43 2 39 36 54 94 20 65 55 48 16 95 30 57 15 90 14 10 96 79 12 53 4 44 22 34 74 77 55 49 65 68 48 50 18 86 60 13 30 10 96 95 34 93 6 68 1 35 54 34 14 41 49 6 63 23 90 66 33 33 83 67 25 100 29 8 58 50 30 10 100 34 37 90 60 96 51 16 25 85 26 29 90 25 43 22 
73 98 55 22 48 13 28 46 66 42 5 76 80 21 16 79 72 26 37 21 10 16 55 32 21 65 44 69 88 24 68 94 14 21 86 18 26 54 84 67 35 98 56 71 28 62 23 11 63 33 77 100 83 72 81 78 90 22 90 79 96 42 50 12 69 67 14 86 29 59 87 40 26 95 59 59 97 42 59 98 57 96 35 47 36 92 42 17 8 97 36 99 49 50 57 2 91 37 32 74 71 13 87 79 25 50 49 53 37 76 14 32 74 6 86 2 77 78 57 9 14 22 80 18 77 33 63 86 
37 54 27 46 53 67 10 58 61 74 59 50 82 81 22 65 73 84 62 21 34 35 26 14 58 48 88 74 22 78 94 86 64 99 47 83 31 86 96 55 34 100 15 96 21 84 62 89 79 74 96 40 19 18 93 56 86 88 16 53 17 17 18 56 3 43 68 75 76 38 27 76 8 16 71 53 62 54 58 88 61 7 43 80 36 45 15 95 51 77 82 57 13 20 13 50 85 83 63 3 86 34 33 31 54 37 11 95 32 63 79 50 13 44 56 71 36 48 91 20 41 76 100 72 48 33 5 86 
45 70 31 92 71 23 86 91 13 36 77 16 81 26 36 60 75 96 13 2 92 32 2 85 48 33 78 97 12 72 29 82 88 50 100 16 100 64 36 95 61 72 11 59 75 68 58 100 21 4 60 70 100 9 34 47 67 22 86 47 18 98 34 57 90 88 27 33 93 90 81 13 78 34 12 12 35 48 43 87 25 31 65 90 72 62 93 91 64 10 22 88 62 11 75 23 27 10 95 49 22 73 92 48 80 29 41 14 69 39 9 38 100 30 58 93 7 20 91 3 37 15 45 35 60 18 24 96 
15 32 48 54 46 92 58 36 87 26 57 55 37 16 48 99 98 45 1 93 27 14 18 69 59 54 76 16 52 99 30 92 69 93 95 83 79 99 74 77 86 16 8 6 50 68 30 16 35 11 13 85 34 21 76 71 70 26 30 75 57 12 51 87 46 22 71 24 19 59 16 39 38 80 10 51 78 83 69 35 67 53 79 44 89 20 49 27 13 28 83 8 88 82 93 93 34 7 72 12 19 72 68 87 3 26 36 27 71 96 29 2 53 86 6 32 4 100 59 83 69 43 43 91 73 16 72 23 
61 59 22 97 50 13 31 83 81 81 57 16 38 79 44 24 54 50 70 92 11 93 12 21 55 12 75 81 96 88 47 51 23 46 42 14 6 67 80 92 8 66 2 19 2 14 32 45 71 11 68 80 93 98 23 88 57 3 74 20 25 50 26 18 87 61 11 11 29 21 3 78 51 60 61 84 45 86 56 4 1 55 30 4 91 95 85 60 63 35 28 97 15 27 57 1 54 56 74 52 84 76 65 34 55 96 92 44 29 62 21 79 19 26 79 53 29 2 1 49 3 92 58 85 44 51 69 70 
100 34 66 54 59 68 9 86 96 1 75 9 44 40 10 5 64 29 32 97 51 76 23 31 36 43 39 38 38 29 69 99 65 28 19 7 54 76 91 28 90 24 52 77 24 64 87 90 79 56 3 57 21 84 43 50 29 84 16 26 46 74 9 58 29 93 61 92 97 21 80 50 85 73 61 58 61 19 56 35 13 90 31 69 23 32 70 10 83 98 19 35 36 5 18 17 40 74 45 38 95 94 51 78 36 43 38 14 69 29 74 78 82 72 20 86 60 32 19 55 38 98 50 99 63 87 3 79 
49 43 90 51 14 63 28 35 33 90 5 51 79 25 100 52 74 1 67 38 57 41 19 54 1 48 64 69 100 51 16 43 13 23 72 24 36 38 12 73 2 59 56 63 38 79 11 25 76 98 63 11 90 87 76 13 86 7 82 8 44 42 89 11 88 67 64 66 98 33 50 48 72 86 38 89 87 73 25 98 50 42 28 3 23 5 76 69 3 87 51 2 41 44 63 82 70 50 33 64 23 68 98 11 78 66 100 85 82 24 8 1 26 6 43 60 71 36 83 91 41 29 15 46 55 80 25 52 
90 36 7 89 21 44 92 84 54 80 45 23 66 95 36 100 33 82 19 13 4 67 3 45 52 29 11 52 44 47 8 21 14 83 79 99 54 29 45 83 74 72 9 23 37 20 27 89 11 21 60 73 44 19 90 69 60 38 69 16 78 84 87 49 48 69 32 61 39 34 16 90 11 5 89 21 77 7 15 66 95 99 30 2 100 91 8 58 25 69 19 14 19 4 82 100 97 66 14 27 44 43 10 22 13 35 7 37 23 73 11 90 31 82 26 75 68 56 31 79 78 21 49 74 45 58 93 99 
5 67 97 33 57 86 37 91 28 76 53 3 31 10 36 88 93 59 68 52 64 26 81 62 52 87 74 5 57 43 65 72 20 92 86 26 53 25 28 81 40 97 39 71 45 77 89 54 66 45 6 73 55 88 89 70 83 15 74 61 38 90 21 80 57 84 12 9 62 68 84 1 4 60 72 38 25 83 14 11 66 10 86 30 62 2 100 99 79 12 53 51 98 8 25 44 69 39 100 27 98 96 23 97 77 17 92 18 54 71 36 83 80 82 47 27 61 70 33 9 48 74 80 32 91 81 58 22 
12 87 37 77 94 64 36 79 87 44 27 9 33 62 22 26 2 82 57 52 80 65 56 92 69 90 18 38 98 64 75 4 46 69 39 39 74 1 31 89 66 4 74 21 86 48 16 60 90 86 13 10 31 38 45 8 91 4 55 91 83 54 12 40 99 28 82 41 41 11 57 69 14 57 52 52 53 28 42 73 9 93 38 19 18 79 57 49 67 51 80 93 66 54 14 88 2 58 71 60 93 1 40 93 34 48 45 8 62 10 37 85 59 28 53 80 24 84 59 35 50 24 4 30 82 77 40 63 
93 11 73 54 76 92 91 67 32 85 62 51 28 79 12 49 76 38 68 46 58 58 64 58 35 75 35 1 25 6 58 84 74 32 48 33 55 71 23 30 86 27 77 56 53 87 27 11 68 64 61 47 48 13 26 71 81 7 78 21 37 2 49 37 22 89 21 87 18 7 2 18 9 27 57 10 55 65 19 24 10 1 68 33 6 100 83 28 87 88 96 56 83 33 4 1 81 5 39 22 5 72 67 67 16 96 63 55 75 18 99 37 15 2 87 67 63 80 47 15 86 39 81 53 47 70 27 92 
30 29 50 60 75 77 71 81 61 35 53 46 8 54 63 96 99 10 44 28 9 84 8 82 50 40 89 40 96 62 34 58 55 68 27 39 74 10 77 92 98 99 10 19 100 92 80 15 82 63 94 14 46 89 4 15 19 26 69 97 92 64 50 75 10 51 72 78 68 32 93 68 20 73 15 94 85 92 65 4 84 50 86 68 35 74 15 60 4 58 28 52 73 5 46 91 52 65 48 13 74 47 39 73 91 29 43 7 48 19 78 77 32 89 63 82 56 96 99 3 19 87 43 45 72 20 7 51 
73 55 80 28 67 94 48 7 39 62 62 7 97 13 60 41 19 84 97 100 5 51 94 87 46 22 8 4 37 90 23 93 4 25 54 23 37 26 27 99 36 93 68 28 56 21 58 8 13 35 56 10 33 42 15 28 6 95 89 2 36 95 36 62 79 30 49 46 62 30 32 43 17 65 90 19 5 32 100 18 46 28 69 56 81 45 55 2 87 29 42 61 60 62 62 99 100 91 78 29 7 39 28 68 23 15 11 77 75 73 95 42 58 42 91 58 73 46 53 89 16 36 82 22 50 23 63 42 
72 11 75 52 92 57 58 3 35 34 83 48 19 49 89 90 20 79 7 20 53 70 57 29 23 90 89 6 2 83 45 97 39 23 7 79 85 63 78 70 30 39 47 29 9 67 16 98 14 31 96 98 85 16 64 34 6 16 71 47 96 58 28 2 45 14 99 86 78 78 89 31 95 2 74 97 69 12 80 4 82 84 66 61 53 90 8 8 34 69 97 67 36 99 38 27 73 65 41 34 14 25 2 41 48 22 32 79 11 76 100 9 77 11 85 91 92 4 79 27 79 22 61 33 74 3 53 7 
77 12 48 33 59 40 5 23 47 19 14 50 66 22 40 81 18 11 18 57 63 83 69 63 81 10 58 60 85 38 56 9 7 14 64 41 27 33 35 99 50 75 75 36 51 91 8 24 63 37 56 76 74 87 85 53 87 91 73 82 30 79 12 67 92 87 98 64 23 50 3 56 90 87 99 76 70 94 57 35 38 4 19 79 21 83 79 67 11 45 20 82 57 42 96 48 24 76 81 60 2 47 33 14 63 86 98 94 15 52 50 12 5 82 56 13 87 15 15 42 71 45 10 88 66 20 28 16 
34 77 9 100 42 21 61 25 40 54 13 94 62 60 31 21 30 31 10 8 42 1 66 11 20 19 12 80 77 77 41 67 92 81 39 3 37 44 100 5 26 67 79 64 7 51 21 24 81 36 49 75 8 31 51 77 81 54 93 54 29 16 9 65 100 33 57 43 4 91 9 6 66 54 25 72 1 37 83 83 32 73 9 9 62 69 70 35 52 95 45 86 83 86 54 70 99 73 10 35 11 14 25 76 34 75 74 70 45 29 97 61 57 73 83 20 64 88 95 55 91 41 56 36 19 2 44 11 
97 92 71 15 14 75 95 96 82 5 14 26 31 56 16 81 2 61 58 67 98 68 83 64 4 17 79 80 1 29 54 46 77 78 10 67 88 71 11 12 60 84 57 24 35 77 7 5 81 16 55 58 63 60 66 25 89 75 57 43 17 99 72 32 21 4 58 87 63 77 45 37 22 6 48 29 16 32 82 56 79 75 81 81 84 92 50 68 54 18 95 95 38 87 34 98 47 74 8 59 17 39 14 16 62 88 54 87 60 67 61 58 51 70 44 45 65 65 61 88 9 10 95 93 90 9 85 62 
80 7 46 79 19 13 9 91 38 41 75 95 33 100 49 67 87 16 80 68 38 23 94 41 32 41 87 10 51 55 48 82 44 88 54 59 25 60 70 8 82 95 4 34 24 91 21 71 81 25 50 23 47 14 98 23 41 20 95 28 86 86 55 44 3 52 44 28 6 52 14 37 28 42 96 62 9 41 38 90 30 30 45 94 28 61 59 23 86 50 69 21 46 9 23 2 20 64 19 96 92 96 36 56 79 63 99 25 15 58 99 44 2 55 85 50 100 92 11 31 88 57 23 72 37 65 7 43 
33 76 79 88 29 77 8 36 42 62 26 82 24 89 84 86 33 15 83 41 4 48 2 36 74 57 100 12 81 45 43 14 44 31 52 13 18 54 82 49 26 2 48 72 2 91 85 30 62 83 14 1 100 73 19 58 38 59 69 27 91 3 79 37 30 30 95 29 43 92 87 30 47 100 65 21 70 91 39 93 67 55 82 76 68 18 66 54 78 58 61 80 31 7 40 91 66 64 23 42 80 63 31 53 17 35 6 100 36 62 93 60 26 50 84 32 39 11 87 38 95 80 68 19 49 67 29 24 
38 81 16 39 20 46 64 17 91 72 61 65 28 47 39 41 56 44 15 16 3 18 75 100 93 34 79 72 85 60 95 84 24 23 82 59 77 29 84 22 59 39 17 20 57 99 50 86 9 42 59 87 30 45 33 86 80 58 8 19 26 44 97 51 50 52 54 88 49 73 34 4 11 47 83 17 57 42 5 37 72 68 69 59 45 76 73 82 100 12 66 52 17 79 7 1 70 88 32 61 21 14 98 28 44 36 69 92 82 7 32 8 7 69 88 91 28 64 55 35 64 16 58 15 54 5 5 47 
45 76 2 30 32 27 77 24 21 39 78 61 37 70 4 74 72 54 52 91 11 40 84 24 57 40 18 68 53 29 56 63 70 84 22 27 76 61 46 21 80 40 6 25 81 44 3 79 36 86 65 83 45 74 8 31 99 55 73 84 82 35 63 58 15 39 3 68 95 39 58 84 56 50 46 66 28 17 24 95 63 54 52 75 67 75 85 99 46 47 47 17 65 84 42 41 78 89 22 85 22 62 79 71 92 38 85 13 8 85 72 30 93 34 72 55 6 29 89 40 26 65 89 76 9 40 90 82 
36 44 49 90 41 98 87 11 97 95 4 83 43 82 65 24 33 97 10 95 67 60 35 98 30 44 14 82 43 42 46 23 29 65 50 48 56 94 38 65 87 74 45 34 67 87 66 13 92 67 8 16 85 36 84 13 95 48 94 1 83 71 62 98 5 43 85 1 59 34 30 88 45 11 82 48 40 14 48 37 55 97 45 52 11 27 74 93 21 63 98 91 29 14 67 81 75 88 9 78 93 16 9 71 93 73 14 47 8 55 29 96 67 27 86 56 12 48 24 79 80 63 57 15 36 32 36 71 
