
27422 27035 32072 30123 32816 32197 33057 40131 34662 29087 25644 35751 34326 39389 33458 34862 
35353 37081 48323 46963 38771 43300 42648 52201 46317 44560 37893 49387 55998 47301 39175 41450 
25684 26997 32176 33400 31227 32425 25226 38699 31538 29114 23462 33273 42551 35198 25849 33204 
29604 35013 40451 34529 32242 32701 42451 38563 38410 33506 30004 41154 35800 41501 35613 34583 
33072 35158 38057 42957 36892 28123 33946 42944 42516 37810 33330 40350 42622 42745 33435 41012 
28348 32798 38034 34690 29769 41804 34768 50482 33268 40901 30284 45013 51297 43553 33513 48095 
32100 35397 39764 36075 35104 39719 39963 46297 41736 42234 33580 41963 40069 48224 41633 37326 
41141 40425 47110 43968 33537 35137 40661 46848 46269 43528 38266 49643 45039 50022 43618 44619 
32497 36943 33326 37618 33871 25495 32203 31670 32721 34988 24492 38374 37206 41917 28956 36723 
29981 36997 41216 40961 31206 30806 41629 41056 37652 36716 29727 42793 42281 41105 34056 37112 
34661 35371 41140 39643 30859 39848 38983 50145 36013 44410 35645 49934 47573 46729 38029 49797 
40299 39702 46182 44841 39355 40756 40687 54400 50386 43280 37636 47358 50844 50510 44230 44142 
41578 37374 44424 39789 32322 46486 44947 55086 46205 46421 42324 54144 45375 48891 45574 45134 
25293 32349 32151 36393 28823 24395 27577 31599 30475 36671 23630 33308 33869 43161 29282 33982 
14742 18489 23749 21677 22832 28207 24227 29820 20739 17013 13487 25091 31317 23848 18212 22177 
38518 33653 41246 39708 29566 35828 34443 50484 44298 40861 35301 43999 42462 43763 40179 44098 
