
122056 113995 144926 139709 122489 141283 133837 119426 144249 123416 125001 139047 126031 148411 135351 133348 131587 145481 146345 121591 149511 162685 118823 127128 133587 147925 132194 127091 127359 142441 131580 142644 130496 118010 139976 128312 123408 140720 152995 119677 115121 146232 125934 150990 142985 138317 143156 133168 148459 140287 121876 122214 141332 136698 125725 127798 138446 131881 154332 139625 117194 138730 115838 127584 
181559 165733 185919 175015 168159 202739 179632 161895 194643 180927 187315 181638 188120 216902 180809 204375 173486 186226 205392 166361 200143 205841 180304 179509 189830 181020 186320 167537 180034 187558 168814 197417 179429 183146 185453 179020 164626 193199 185990 167717 152336 184832 181432 192721 201380 193423 193774 171667 188865 192789 165980 167452 182629 178199 172458 166277 188880 188963 205914 186836 159653 166752 177463 170084 
161220 151462 186169 159627 177940 183149 170646 157097 182758 163632 162528 163183 167839 185079 184008 175701 147096 165419 184197 144517 186948 182437 150898 156424 180364 160053 181445 155202 150815 160389 157802 165157 165452 161908 184805 166006 175629 159915 178880 153153 132999 171102 157542 186850 164865 185812 165510 154527 184912 178213 154990 162557 169338 156305 159790 175704 179738 172045 186753 184579 137316 159479 177139 168576 
151843 152328 178766 155262 154505 170125 163128 157459 188342 154727 165325 165553 161095 193944 178264 174177 149979 168966 178681 157485 184980 192026 154268 158948 185887 162165 189150 153896 165355 159824 154600 172988 154358 173842 171451 160689 162951 161703 184394 142524 113497 168298 156116 173776 157441 170878 164655 161381 178936 177002 131254 154318 173414 169774 159125 160952 170377 168419 179717 177891 137038 161052 167216 174841 
190833 179584 195335 178506 183022 216092 188855 178176 197480 180000 191451 210052 187681 220198 202865 212783 174925 197112 196252 173595 220507 218492 176376 181542 205368 194143 206860 175712 183253 194563 185510 196215 187016 190163 202520 189320 183333 188005 202028 168534 162987 206160 176561 218433 202100 204633 205226 184600 206773 209659 170867 170813 198437 202319 183280 182924 201210 197203 210716 196638 157836 162090 191422 188063 
171092 145907 179999 167691 159238 188859 179741 173606 200520 164287 168597 178833 173091 189942 167159 187017 160635 175184 167639 157614 194942 195666 157842 166383 196770 179709 185169 175921 166290 165635 165869 162568 169320 173712 185974 166820 161677 160858 191508 158207 155951 195539 158940 199025 179091 176479 187637 166174 193955 190387 146724 148888 180289 169707 163866 164473 181024 184282 192149 182047 142458 166952 162352 167241 
148706 128819 168437 157474 142388 157627 164151 154334 169931 145457 150471 169264 149707 176950 153722 156790 139181 155094 151509 138334 168398 175901 124789 153999 158346 150702 161638 143579 143173 151307 151501 154620 145570 152650 167982 142537 161034 148333 164880 142299 121965 165218 145084 177723 156392 165742 152503 137084 166980 165197 135829 142759 143634 150640 151728 151533 159426 149346 160433 164249 119910 144712 140500 142595 
183786 153841 174077 171060 164895 188759 164480 165106 193810 172159 172744 170330 165275 196237 177047 194932 162796 172380 174919 154991 192424 185743 154768 159889 187264 157723 170743 163428 157753 175859 170168 163058 165428 177959 177988 168496 164383 173112 172182 156172 150939 182848 156908 184067 172933 178585 171657 154463 187571 191621 146307 154836 177539 170887 172274 166363 179380 184488 190119 178048 148924 153341 174927 162923 
142011 131148 168695 147594 153181 153875 159579 147507 170421 155652 145582 154497 149284 180768 154054 174707 134573 144335 159486 138525 172408 186881 139633 151491 165813 158475 172071 143950 139787 145595 152594 154996 148020 146446 163739 136963 154399 148459 169319 128410 136752 170170 147860 173661 158598 168706 150551 145019 159456 158375 129572 140904 160049 160316 150299 146072 161646 154540 173272 171096 125507 149522 154101 145008 
170270 143267 174195 146011 157073 186641 169126 163937 180135 153591 167974 168439 164192 173507 161194 162380 151608 174769 170627 131093 184453 196164 138950 154246 179509 165568 175834 149004 152983 155048 157960 174681 153396 167122 172045 165775 169451 171357 169452 145613 122081 164990 153884 178647 160863 177928 173198 156450 167569 175863 159385 161975 158631 166818 152851 167037 172561 161513 188841 176138 138826 139914 158586 152742 
163758 158407 198185 173607 159890 186925 170980 169509 189660 163617 171926 184912 168499 193705 182277 182695 169632 169118 191271 155719 192498 195478 166852 175677 185012 174009 178817 155581 163788 169774 169152 178261 171719 165038 188330 159248 166715 164684 183632 160855 127316 175171 167020 191997 177888 174286 184457 159025 193737 176443 151740 151025 173513 166723 157990 164111 175122 182775 180637 175248 138267 166533 161034 152684 
167011 141123 187036 157262 161198 175534 162362 164616 185284 170901 162175 160252 175617 205106 178054 174742 146224 170484 198706 141474 187297 198529 156062 161773 188404 172725 177752 151841 168400 159695 153424 178522 164691 166819 184788 167563 163577 176324 192666 151498 132037 179530 162938 187860 163847 185420 170083 154008 175177 167321 160031 168740 167488 171336 162431 163680 164469 173026 189752 175076 138605 162101 176347 164733 
171798 138933 191609 164218 156968 178083 168937 159184 177000 158115 159240 164062 171739 199595 180754 181444 149570 175536 180618 149668 177631 190244 141666 168405 189620 182334 181158 148926 163024 170992 174235 184305 156697 158844 185135 164559 163361 166550 187548 155181 153565 185098 170213 201521 173944 179305 187253 154905 178530 181344 146842 156500 173478 172912 170874 165571 178250 178394 191612 184327 123493 160721 159995 155713 
175106 165032 191506 171311 168931 193297 179617 181476 192273 168154 173865 197406 164786 203980 178936 196637 175409 186177 185167 145601 199155 203848 158146 171954 197636 182928 182471 169783 164676 162169 174776 187825 162099 173022 185635 170747 180667 188567 199081 163260 148926 188206 169560 198390 193986 179033 186535 166176 196925 180758 162868 169338 170688 187220 169723 171949 191891 185013 191527 193286 151616 173076 175529 165571 
146943 130572 156972 140855 131956 157205 146237 138247 149188 149207 142772 142965 152477 176299 163727 169295 155467 159719 157045 145638 166565 169586 150998 157468 159115 146947 160505 147067 141282 169156 146441 161979 131020 141375 144638 147984 143680 159588 169515 135901 130383 165503 136312 155835 160646 165699 143914 135469 152227 167823 145877 129257 156289 148020 156743 144511 149982 153815 141710 157315 115723 153687 138604 140448 
152563 127027 145808 142839 137490 161509 155708 142281 156119 159048 152837 158529 151864 174069 157549 172321 132431 154993 159288 131540 167065 166030 135746 143587 158619 160689 144719 134612 145855 147473 137415 162955 127381 144299 162778 151433 149391 145377 155442 127505 126888 157247 141132 176268 172580 176496 156590 131377 155046 164133 149103 137137 160291 155758 146448 142805 151752 165821 161873 155576 119620 135304 156211 140338 
170497 153670 192023 184560 160717 193941 186328 180145 185169 171445 173871 189724 184211 205718 190160 196028 161889 174174 183669 169928 178983 211176 165583 183014 197817 188730 190766 163386 164784 172923 167736 176440 166927 165800 193536 159280 173173 163197 198842 164808 141069 186237 173503 195215 184649 199169 187920 174713 182147 198411 158513 163298 191660 185608 168472 155854 176029 180361 193122 189985 138892 171974 168189 185613 
177795 158774 193983 166891 165104 187262 172493 163253 191431 154483 165625 161689 173715 187175 179713 201578 177502 173638 184139 167738 199397 204900 158543 156531 192033 174163 182359 163173 177200 177053 170368 175637 171212 167498 189269 168733 165555 172500 188815 166641 145114 191771 160114 191701 185069 191961 189162 166206 195825 187630 165161 156394 175597 169712 175861 179143 182023 192911 195391 190634 148543 166532 171950 161327 
190939 154328 191781 180594 164323 189906 172406 172229 188716 165398 179368 172974 181133 187156 170070 195021 185992 170946 191261 160513 205216 202234 160551 173558 181439 177381 187853 182910 160146 169139 165773 176872 158055 168585 197414 166951 180921 170974 187382 164478 141539 170880 167244 196910 192270 200796 187216 159504 197160 201538 181395 155904 184172 175924 165557 172180 166227 182252 192262 192565 151688 170304 184867 164183 
139930 129536 155149 145912 135708 157862 147417 146655 154185 136043 133567 147275 140875 165981 145845 165885 135204 157904 155870 134394 154510 167906 135995 137359 167873 154132 158630 137104 139731 142231 141535 148100 144080 145974 151888 136473 145251 152807 181337 126054 128535 156197 137248 163579 154587 155988 158763 138383 162480 158888 132900 143174 144667 153582 143644 144325 155642 156838 168904 161879 116573 145558 142915 143095 
181188 155503 189208 172113 168992 178063 177374 165166 201892 173344 185407 175621 174952 198812 179625 179427 173611 181931 174879 167132 210220 199934 152613 178932 180093 181501 178646 168861 160552 183702 182029 174030 164555 160554 186296 179545 168219 172305 176493 150963 130965 187658 157229 189798 193645 188192 185651 166209 190441 187475 172610 153109 190087 160671 178311 172638 165557 185455 199789 199523 154640 173372 167726 159019 
148233 132368 167459 144536 134747 154616 156179 146226 148479 139164 146274 159855 155349 172231 154107 160467 147298 149422 155407 137836 159137 167067 144561 158252 156466 158922 154157 142048 139788 147659 150763 159004 139269 140678 167177 142490 150965 151221 164580 144720 118074 167006 134525 169154 159064 161007 170639 136239 164586 163258 135112 140404 163460 146001 147834 141795 155902 159057 154954 154770 110865 145791 139844 143692 
170062 148588 184954 171704 157236 180175 162194 157879 178630 154195 152057 172059 167984 195849 172465 195486 161911 161330 183933 151087 174325 195177 161111 159714 180309 166060 177159 165605 148176 164644 164723 167644 161374 165823 169676 157327 159445 173529 183436 163532 155667 169150 163627 178410 169393 173665 166344 158378 183338 184977 150897 154620 165694 167265 165441 155133 171448 172459 188500 172736 143036 165681 169178 169216 
163340 149142 166466 156567 151930 164813 149130 165076 185230 162872 164209 159781 167748 185790 165758 181831 152765 169023 184808 152150 181791 185968 147604 167703 180753 150852 170541 152754 165109 160792 161135 168464 142930 159271 178001 155830 160312 168350 173178 144199 130996 172890 156105 182295 169995 181504 161690 141709 178845 171252 157029 143284 174530 159720 172600 157323 152664 171461 175651 181180 137778 161070 168280 148996 
171269 153198 168960 172015 156234 177679 181086 162019 179276 170195 175755 179112 180218 201792 175405 201985 162489 176475 182869 161156 191615 201163 161275 170660 185917 178948 179425 177903 159376 167601 164215 173980 154561 175419 178413 164081 172374 172430 187445 160832 137238 185226 154192 184686 183179 186530 171667 154398 174124 186297 164663 165872 177256 173936 171465 143412 178560 171719 168524 177469 132604 161868 167566 169774 
155129 145684 183367 166609 154156 172079 179065 165905 179130 172927 157724 172378 159056 192634 147624 185701 152456 172690 180789 150960 185163 191280 158561 152801 179128 185019 170351 151636 162242 158320 161469 172415 153483 158951 176452 147189 164400 167433 188980 143853 149553 173091 152470 184112 182448 185384 180100 154025 179752 171794 148659 154380 169546 159034 168910 160972 171664 173106 197200 181865 148435 168825 156894 151460 
182747 160736 203678 177248 174336 192083 189404 174836 191764 174901 180587 184892 181960 211582 176710 205038 176062 191475 192874 169362 207760 211883 168378 186602 190702 199158 196080 175233 179499 182693 183122 202005 173472 165065 187604 178609 185534 179428 202366 153649 154547 197142 165951 209231 194176 190514 197977 162998 198394 191094 155463 180125 182582 187815 178705 188182 194542 189293 199444 196256 149877 181772 174535 165956 
146553 131134 166837 152585 139125 155525 161182 140678 148049 144508 146070 158841 157407 175586 165679 161510 155567 162880 175024 136798 167698 178701 148321 151678 164195 165093 164827 145385 154976 157352 142126 171556 138308 130353 152221 146566 151239 165281 183249 132761 127068 167931 161646 173302 163799 161843 159503 127403 165260 161891 147817 149128 157212 154023 146008 150228 152592 173494 165951 154557 110516 153836 151004 149546 
170657 155919 193235 168463 165764 182335 177443 167584 207115 180830 173032 160582 193313 194960 182541 191967 172562 178803 187071 169113 204334 204386 170906 164875 183079 189978 193897 174412 169178 171740 158003 189116 171356 181581 197609 165826 170475 181341 200767 157269 150017 185659 165504 206199 184253 191315 179145 171862 177506 189976 160689 151259 183699 173206 167665 179916 174563 191979 204086 188313 157256 185767 172378 172405 
137675 127842 135977 141470 143251 152383 148500 135500 155163 134626 152772 152117 139569 172178 150553 173479 122847 148084 155025 137074 162350 159584 128993 137567 160267 139775 146311 130555 137973 135894 128530 139438 120717 146555 136979 146354 147278 141887 152537 123054 115548 153517 133542 160955 156520 158968 142404 134741 145205 149425 139977 137323 139285 140956 158315 134987 140302 140262 140888 158648 115867 138361 146600 139018 
168061 130641 184686 155868 163401 169532 167646 156991 181728 143756 151784 157310 155763 189236 162931 168416 151989 160641 169122 135936 176893 185334 141621 150906 170030 170649 149797 153808 151559 151886 151584 172881 143806 148837 165882 158612 152070 169804 178989 146460 138151 175511 151420 172962 168724 170450 174760 148130 172005 164421 152184 155678 167565 154935 150651 170596 159363 173963 189674 176486 137706 161239 167301 155323 
188371 165698 195096 178815 183573 188564 189984 172296 208335 190048 186558 190577 189889 212689 196523 210543 180202 196463 188541 169770 210273 206128 168214 187715 186344 193543 198614 181432 179146 181723 176385 192327 163846 182055 194725 176337 193847 184387 196853 161068 146592 192702 173745 210866 205945 202048 179370 171657 181398 198336 173634 161378 195130 188375 201468 182640 180528 203200 195630 211645 159761 184015 192082 182941 
186818 159083 195513 179410 178239 197717 189285 169936 189009 185309 181249 193720 185035 215762 177612 192064 179516 185929 185010 162329 207276 210068 165908 174869 199479 196643 188888 171176 167029 180684 175838 183711 171736 181413 194860 176357 176879 190316 214079 171876 145800 194701 167591 203624 192770 204557 201388 179783 191816 197827 163219 164832 184096 189039 184931 174875 188734 191660 205332 204832 151260 177092 175525 176657 
185304 155957 189319 167613 171737 192980 171182 175698 183496 171334 187149 178086 184381 197144 170776 187155 156316 170675 189780 160537 197450 199511 152139 177303 199715 183539 177381 159136 159450 158446 160834 191120 164446 163536 182190 164184 178459 175850 193548 161521 135090 178653 158083 207295 170168 178340 194638 167896 185021 183999 149920 170539 174655 183348 165192 170058 174652 180387 188282 185609 149978 171489 166047 155649 
165109 148698 186063 170631 152585 184365 184170 165659 189430 173387 172886 186486 174635 208393 186654 191042 160818 189858 187904 158044 192423 204612 161259 174334 205226 187924 182511 159202 178493 173880 173581 179454 156698 174630 189557 181081 172745 173350 191753 166631 142907 195711 162531 194991 191548 194134 188960 177990 186934 194779 171286 161811 183706 181995 180279 166532 180598 185665 193747 192227 145009 169958 170801 178122 
170813 152460 193759 179295 170650 186917 175610 166868 187498 159889 163137 171620 162830 197518 164121 178474 163855 170499 201190 145490 186854 205078 163942 168235 191565 182449 186076 168766 158209 157213 163329 177391 164114 160237 187234 161233 173776 176520 195318 163662 136604 167881 170474 189371 183389 184622 175203 162354 196359 175113 170401 162222 165194 176422 163425 157947 160529 178034 196224 197403 148114 191001 172933 164143 
156187 142816 174797 157295 157643 163285 170429 142099 174281 151550 154406 163610 152938 190366 153393 173248 133933 150939 175133 149125 178603 186951 154142 151691 193421 174914 169258 149255 140872 147950 149801 167201 149491 153637 169194 155420 161600 153507 174245 142824 127621 168471 157634 177450 160856 168284 172508 167450 176677 159129 137986 158807 168114 157646 154096 144376 160127 162571 186834 185468 137562 157547 158350 160584 
156979 147173 159727 150748 139878 166234 154125 158383 178703 145531 150181 161440 155351 186351 155664 192733 148988 162407 156906 152901 183285 183252 141769 153590 176675 163568 167934 155847 161889 156616 146198 162689 143467 168608 168357 149661 161489 159420 180309 130529 131137 167782 147949 180791 163773 168047 164804 154191 170360 176095 138424 146043 165827 169614 155304 157490 158716 165145 169093 171836 133459 147002 163350 163059 
167655 143630 184050 175255 153611 174413 175710 172714 178650 154208 168392 181857 170628 188457 182423 195081 157222 173624 174365 161685 175429 199599 148265 159574 199219 184988 177212 159377 161838 172848 168408 164582 141464 157128 173126 159371 177354 171438 188980 155017 145834 181790 157308 187196 173528 189677 171425 164042 180351 185185 143792 150824 172514 169251 164435 169153 179157 179740 175003 181067 128185 166835 158794 155990 
176988 147311 183332 173952 153647 179191 175833 171238 175347 162119 175905 177890 181058 202866 162726 167851 161783 179954 191880 153761 189961 200218 162408 165586 190390 183449 183921 148141 160853 169113 164534 188973 169082 166647 191889 162105 158310 177985 200980 161861 133443 182243 162903 182476 172517 187720 188614 146672 182088 181468 167506 169146 160496 178032 161076 159465 168212 182476 194860 180425 126986 164179 163191 164720 
173896 170029 198246 187946 160804 184387 180044 177749 207953 182792 177554 185512 172085 211498 185732 205296 173163 187300 196610 170501 200019 203266 169560 179729 195329 187862 189414 170089 169288 181260 183792 181225 167406 179017 188756 167945 170076 188562 192997 162536 153170 184551 169610 184003 184233 185135 181626 171111 195893 193312 163537 160967 187381 179885 173744 174057 187054 189533 197199 185638 149693 180620 173148 166407 
165593 155099 179990 156715 150761 177169 158400 155707 178025 152572 160733 164298 166697 186604 173633 181902 159262 160844 176367 152170 180775 175636 143337 161107 177417 167616 181226 149320 161811 169065 162341 180497 156004 160414 176965 165605 157296 165719 173488 146994 141459 189764 165257 168888 174333 184763 180243 160595 185290 183233 146209 147118 171388 158193 143851 171540 175557 174048 194041 175671 138731 149321 165354 158565 
174562 148280 186059 155838 157551 191054 176773 164829 180026 166486 162652 180752 171794 201719 173241 179665 163569 185127 181692 148751 190205 198815 145816 159310 174492 175069 185813 163094 176825 165946 162610 185049 163083 171600 178754 166965 171878 175585 198125 145193 146335 193811 166523 201557 183922 188582 185707 160971 184415 176134 153249 162925 180893 174106 171819 171421 175060 177822 180208 173369 141969 159530 170407 162365 
163135 150910 182530 155996 152521 178463 160777 151266 177561 159426 167701 167736 162122 195036 179363 184019 162344 175915 186544 154296 189566 184575 155340 157629 180802 167784 179065 150239 166978 164967 166515 182813 155205 163241 181831 162032 159307 159070 172823 154081 125743 170372 157547 177510 179842 173302 183687 165198 167476 169058 156350 136980 176691 174262 163119 153494 165677 172384 184478 178361 142404 150826 158290 158485 
150656 118002 148593 136670 118811 149453 141373 134403 143376 131385 129734 132441 133282 166781 142259 163124 130115 141725 140587 141688 140255 146865 116376 136287 147883 125090 144874 130733 130442 133610 131129 135268 123100 141589 139143 116937 150429 135536 152288 120278 116720 152586 131310 157099 137180 142711 140983 130653 146535 153189 119300 124330 142944 144613 135047 141465 148804 137196 132299 145906 117422 124938 146085 135460 
169467 142560 177784 163599 160095 180085 173280 166837 189929 175825 172353 171112 174779 192650 175726 191910 161436 174764 178731 159206 193681 195353 159267 171336 173810 162102 191608 157542 161721 162796 158030 177740 169336 165639 172186 151153 168630 168419 176338 157198 134422 174832 166730 185418 178044 184234 174808 159810 171052 184128 160320 162313 177121 162230 173040 153540 164361 176843 193749 184317 145522 163302 169327 166563 
162752 142015 174053 165508 138969 174616 167853 160846 181590 164870 156510 156660 156397 183702 155866 177570 161331 163433 176638 145980 178273 189380 147138 160836 160227 159293 161537 155441 158712 162239 154838 170418 151287 160232 160802 148452 156963 177882 179051 142687 122773 165815 161737 164580 168833 169009 164528 145225 174159 169940 161060 161773 153170 157064 153788 157052 160249 168522 178042 164251 135289 158638 154681 141259 
146589 138951 153539 147935 146735 156264 141402 139534 165643 135366 145744 138979 156004 162287 148724 156698 139298 148761 164748 133390 161675 172452 138496 151396 161533 151651 167065 141096 139109 145036 146015 153036 155928 136590 164974 139704 131522 155225 153529 144701 124011 151500 144621 163505 159938 161379 153245 135016 152154 158873 137439 137417 148999 144776 143463 131194 145234 142922 181805 165916 123516 154636 135361 141963 
155481 146816 172382 163583 153505 178818 169722 171500 179931 163937 152018 166819 170547 187956 166520 198783 156437 169985 171278 156495 175328 193450 156331 158210 192070 167797 170876 154649 171724 156268 148092 166277 159639 160694 178170 148908 157504 157998 197950 148218 149234 189170 150821 201382 173451 184939 175475 149346 191428 179344 145420 163157 167610 170101 172975 153522 171758 182884 173715 179474 134675 168060 165423 165070 
142120 120226 132309 144977 122620 137082 140806 134518 161172 134078 136044 148100 146897 163524 136241 159673 114833 144674 136535 136714 147282 153406 122374 139211 153789 142811 143779 138410 126127 141333 131718 124119 124791 136763 139574 126868 135008 141650 152729 115615 113423 149364 123761 157030 135697 143857 126569 130407 140420 140016 113858 121655 140508 135027 141755 125358 124772 140522 140586 153751 107611 137977 137317 134610 
156278 138439 159352 155088 152416 165729 164198 150249 180138 159364 158090 164304 154150 194073 160887 181301 141609 155959 157168 153054 181612 189324 146625 159838 160553 159316 171235 157501 143896 163913 156877 154462 149557 165412 168598 156427 152402 154638 170246 135703 130499 165658 146563 168817 170140 179800 148913 149928 168987 170083 147203 150967 166421 160562 164659 150531 159976 157953 173065 174692 132030 156248 156329 153618 
191183 172961 213654 196882 178454 202897 196447 185464 215392 175508 184928 183942 190203 219183 188063 204584 185593 198056 209335 172072 207112 216800 178274 177851 204997 193773 213373 179217 187706 188480 183651 212516 187461 181203 206369 180227 175454 206832 213380 173280 165592 202744 194289 204569 197501 209486 208242 176461 209314 199073 165610 183902 189050 200599 185073 185181 193580 193355 224199 203798 153326 186957 189758 182184 
171544 161635 200409 175806 172531 186089 184107 170650 197727 184020 174724 192846 176462 206025 176799 192295 166990 187641 191104 159099 215530 213017 168687 187706 191867 190539 193577 173354 166534 181461 174758 182656 176062 174996 186210 177096 181384 182862 196409 161953 142852 188915 164042 192032 185193 197847 185343 170788 196831 197003 164892 169481 193079 174458 168325 186845 184278 181224 202788 196640 151760 175844 174163 181186 
148596 140253 160973 154468 147133 171545 167612 142803 173707 151343 143972 154047 150327 169223 152984 161067 147248 164761 150687 145265 170977 178382 142791 148249 168575 177473 159110 157324 149140 151037 143898 148352 153696 145981 160105 141972 146737 157209 178389 137082 132329 171492 146005 186497 168081 149945 174089 154805 165878 168121 131535 134025 166989 152234 156546 137528 166895 163111 182721 174810 132168 159149 135666 153015 
157322 142931 171947 154851 150362 169228 160376 160730 180788 159713 156373 167914 168322 180800 142982 175030 157492 168564 163401 147380 191882 185518 147873 152682 170934 168789 170975 156901 150312 150460 147528 165358 158643 171272 174525 147705 152684 156814 189026 144810 148312 181233 162209 189928 163772 177166 170447 142486 179907 172812 147258 148500 155815 161424 144955 170899 167717 173018 178021 170511 129519 148009 163207 158060 
171281 143019 186052 158146 157641 180860 174219 163164 187081 154349 163544 180406 171897 209056 185080 168624 149909 190759 183987 150416 181271 194820 149908 163802 189757 179394 176988 151668 165830 168264 172328 184186 158650 164142 181074 175536 156008 168465 190092 152516 145070 196777 168748 185297 178232 180083 178948 161569 172497 166262 151512 152615 174111 173577 160648 173118 182392 174026 196623 182277 139932 164180 161934 168130 
171073 160630 192593 175071 162429 197583 192885 163682 200659 182815 176184 186285 171210 209795 198158 203393 154565 184757 198923 169198 197357 199612 173192 178644 190951 183441 188004 162743 177131 184971 166809 191842 171130 178254 195258 178843 168981 161556 180505 158237 142556 192680 173589 192134 184659 198534 192997 171351 193783 187397 158053 167594 203202 179814 179050 164291 193118 181684 190788 177937 138680 161293 170841 173475 
189408 182199 209995 183967 196231 231619 197521 192564 216112 199500 192991 212279 190448 229345 216760 227476 189799 209352 216983 182386 221706 228476 186231 194916 217509 196984 213856 188553 182959 189752 190250 203052 181040 205818 199331 189184 203972 202677 227733 181152 162222 210136 192120 212894 205818 209270 202323 201833 214622 215665 185099 179627 205388 204247 206827 189088 209266 202372 209891 215699 181079 196435 204735 199101 
177399 166362 197849 187063 161183 193795 181155 181923 199198 169169 176064 193575 176904 210952 192605 205532 169802 194937 200276 176532 205432 211417 167400 193265 187173 196816 194138 179392 188198 194080 183482 196109 166889 173813 190912 174176 184389 180030 199667 164987 156458 196701 180204 200655 201381 205215 189871 175619 196075 202445 174391 157422 201415 169236 179117 171655 183932 189247 197597 201192 149351 185052 163110 174469 
166600 157163 181467 161580 159378 186257 158300 168875 180089 157067 173318 172557 174056 189163 181312 179338 178262 175016 181920 148966 192471 186686 155752 156738 178819 173887 176374 151795 167465 159715 167792 185300 148314 165677 186699 169410 155118 169521 186130 153685 133775 178245 167884 177687 184221 182972 188411 153851 182025 185487 164171 142599 165121 181188 167765 163858 181145 181558 191065 183379 137557 152707 169891 167390 
166812 151719 189876 163186 154178 189283 186726 175934 180178 177899 163865 198579 178002 204733 166322 212759 165228 188604 180141 167350 204417 207132 163918 172462 201763 193900 186368 168419 167674 167160 176567 170533 156489 182943 184018 155015 184722 172541 212647 153401 149418 195968 164182 208365 185354 183763 186191 164595 192174 191600 158555 158689 174752 176372 178449 167969 187271 185444 183268 194298 145813 169222 177865 177600 
183719 153656 193710 175184 172388 208123 199675 186045 206978 183379 180533 205130 195044 217637 194932 198666 173556 195765 182983 166154 203874 227130 170770 172704 203934 199505 195040 182034 175944 185619 174888 190630 166456 196846 199948 179886 184633 182442 208717 162397 163980 194517 179721 217662 194878 204652 196229 184767 191573 208354 158342 163960 197764 186023 183020 176102 194372 191527 215203 197276 158486 172057 180176 185990 
191104 163296 192179 172619 158900 199058 174573 188838 195703 175869 170427 184015 174383 199855 183260 201085 186370 193973 188459 162130 188384 193879 155808 178089 181846 169927 194352 169035 168261 169518 183691 190953 158783 179628 195816 165728 188613 179978 191111 147815 147533 185811 171862 202078 193855 193043 190180 162293 205273 200778 174230 164116 184541 186966 183902 177604 186138 188363 203592 200174 161061 174644 188332 168724 
170407 159765 183191 182597 164486 182487 180427 168615 184412 165275 171960 192353 171925 200713 181145 189476 153136 170932 187171 169770 182177 186091 167265 168768 200743 183156 167416 155702 161677 176356 175531 178232 165189 171226 184228 163228 181634 179613 188388 163083 141299 183647 170600 184829 185168 186314 179181 163559 190808 193301 159578 158201 170827 163679 170218 168108 180418 196584 195688 195172 136080 168944 160639 169125 
