Testul #1 durata: 0 ms.

24 77 92 90 39 27 92 61 64 67 98 59 51 88 11 71 
18 85 20 32 98 14 3 25 31 43 86 14 13 64 1 98 
79 40 51 6 51 30 21 33 42 5 87 4 61 82 31 64 
100 52 91 10 62 54 53 98 61 85 1 47 68 72 67 34 
14 11 25 73 25 13 67 90 86 4 53 15 31 46 17 88 
54 9 41 7 24 90 47 8 86 91 88 54 2 14 90 28 
50 45 1 19 32 80 36 35 85 92 3 88 24 69 64 59 
25 77 26 17 71 54 85 43 1 42 40 42 80 87 7 33 
89 98 37 97 73 19 25 9 70 93 51 78 36 21 81 32 
4 81 6 17 83 91 55 30 78 11 57 12 28 1 70 8 
10 26 27 83 78 70 13 95 54 67 79 30 27 56 36 4 
91 40 9 50 4 95 65 5 34 41 70 56 68 86 23 54 
2 81 36 44 37 50 2 82 24 6 40 43 13 76 13 46 
67 73 34 74 75 43 74 13 96 71 53 17 16 16 26 47 
3 84 96 72 70 93 78 1 48 98 22 14 43 67 15 35 
55 2 15 77 59 96 63 38 4 75 8 35 82 85 26 66 
