Testul #2 durata: 0 ms.

56 85 11 81 23 16 82 57 6 67 49 90 25 28 67 58 91 42 58 36 52 28 32 71 11 92 16 7 40 36 60 68 
21 69 21 9 6 56 74 94 87 34 84 48 61 42 14 40 56 77 72 19 11 29 69 77 76 90 21 17 21 57 80 16 
3 53 1 20 55 23 34 31 58 17 56 16 49 39 86 81 8 22 33 49 51 5 46 96 43 41 39 77 90 19 26 79 
13 51 64 67 100 83 94 61 35 37 70 17 48 2 99 56 18 27 56 75 52 14 54 39 96 13 57 17 70 48 94 36 
11 77 62 93 35 83 41 83 7 79 92 31 47 91 59 77 67 71 59 72 55 23 43 94 32 6 97 32 77 79 96 4 
70 77 11 36 15 51 80 6 45 26 98 28 93 54 20 34 81 35 28 1 27 87 75 58 26 88 85 36 91 64 63 11 
69 65 67 17 89 98 3 45 61 61 34 33 30 15 60 56 99 61 88 49 32 8 3 63 99 23 14 33 89 7 52 52 
68 51 89 54 100 50 58 21 16 98 10 33 98 86 9 46 1 94 99 29 26 37 35 52 13 75 52 89 70 57 99 3 
76 45 6 87 88 82 41 30 13 52 11 34 62 92 48 82 52 10 56 9 66 74 58 42 14 76 66 89 35 80 100 78 
72 22 82 47 18 54 3 75 32 34 57 4 17 39 80 12 87 86 61 80 63 67 22 57 54 55 94 44 6 25 30 98 
20 58 85 87 20 38 86 68 69 58 4 64 88 84 95 97 59 60 16 27 62 48 89 60 100 38 10 23 5 25 91 58 
24 25 87 87 17 22 44 59 61 35 12 62 89 68 67 1 94 5 26 57 30 66 76 55 28 87 59 85 48 58 1 60 
69 95 27 14 58 47 90 73 91 73 8 69 34 9 25 31 66 30 35 99 67 79 23 91 26 60 89 12 41 86 97 48 
18 76 51 28 25 63 19 45 20 80 94 78 99 45 85 100 95 70 87 76 1 100 53 84 62 15 16 44 94 87 39 39 
44 68 5 83 25 7 53 77 19 1 36 76 82 62 47 95 75 60 65 1 53 57 76 29 49 11 59 46 3 55 70 57 
98 43 6 80 26 32 26 53 8 38 7 40 49 94 66 13 80 38 55 9 38 27 90 59 7 35 11 6 62 64 56 1 
12 1 73 58 93 4 95 58 47 32 82 1 91 23 84 85 65 71 43 94 36 100 44 49 6 77 64 3 61 76 47 8 
26 43 32 66 17 73 36 56 77 87 39 52 29 19 59 92 91 59 22 73 84 50 42 16 56 24 14 38 83 94 80 93 
61 3 73 87 50 69 49 82 49 8 92 73 42 61 8 14 1 33 20 88 85 99 39 79 84 96 29 38 9 10 47 9 
12 79 62 23 77 10 46 45 59 29 94 35 74 45 31 74 83 27 100 39 99 21 81 71 91 77 9 88 10 60 56 83 
91 33 29 2 37 54 98 60 16 52 97 35 30 51 79 73 33 36 64 45 51 3 94 28 56 19 93 63 54 32 6 84 
51 99 42 9 70 83 62 88 7 43 93 60 72 43 94 14 28 25 82 23 92 13 95 61 39 38 58 92 38 30 79 88 
91 35 11 52 40 56 46 92 60 4 41 87 31 61 2 10 91 52 95 9 2 70 20 23 76 82 84 67 20 38 45 42 
19 71 6 98 44 85 78 77 20 98 7 15 60 69 84 80 87 46 79 30 89 44 25 37 48 67 83 67 18 56 93 70 
60 66 9 68 2 26 42 23 38 88 89 5 9 71 4 85 59 67 81 6 90 50 50 72 14 74 74 61 48 68 98 37 
12 80 66 45 64 23 37 49 14 72 56 4 57 96 14 92 63 40 51 78 68 20 90 99 46 45 47 44 85 75 26 47 
54 36 30 98 76 64 53 83 24 77 16 53 76 46 21 11 99 55 7 46 16 3 94 67 93 94 24 69 97 19 55 80 
7 92 20 23 9 89 64 27 25 99 45 48 67 46 50 55 80 1 74 1 89 61 62 32 82 63 34 75 52 1 23 18 
73 71 30 7 67 86 99 54 80 62 54 44 93 33 13 14 61 3 76 92 67 7 18 21 17 30 41 99 7 66 84 92 
31 93 18 90 11 92 69 83 2 94 60 86 78 25 42 20 78 12 9 54 26 37 66 70 83 33 45 61 53 40 46 100 
38 47 81 41 32 57 12 68 14 83 15 41 39 28 89 76 43 15 72 52 7 60 1 24 75 50 49 44 70 69 71 50 
28 83 55 84 83 86 78 5 80 90 7 70 59 57 90 59 81 66 35 38 9 2 36 99 97 52 94 16 71 44 6 24 
