Testul #3 durata: 1 ms.

84 54 8 34 10 96 76 67 48 65 28 56 10 47 36 57 28 48 32 23 24 4 39 54 70 42 25 11 58 5 18 43 27 44 47 96 23 17 66 66 75 33 5 72 97 80 72 93 30 45 8 72 45 59 30 86 53 94 51 10 70 43 64 6 
63 70 82 34 58 67 28 53 28 79 72 18 51 87 30 67 13 5 6 12 87 38 81 3 90 43 59 60 32 100 48 14 71 46 59 99 45 8 94 21 87 57 27 81 64 84 58 88 80 43 76 91 62 96 19 84 97 89 32 59 2 95 98 78 
11 86 59 3 78 54 51 37 45 85 75 42 56 63 28 36 80 42 32 83 11 39 90 81 7 36 93 99 99 32 93 52 88 4 70 15 12 100 36 42 69 77 24 68 44 40 27 66 40 11 64 82 68 18 92 23 59 48 35 61 100 31 2 24 
49 46 47 27 28 90 45 83 7 19 17 20 71 39 68 75 28 63 94 44 32 37 78 46 42 93 86 53 48 60 78 63 54 55 48 86 73 84 54 17 52 25 36 85 42 72 79 98 96 42 83 46 92 12 20 25 19 100 10 2 79 72 90 9 
43 42 67 33 15 58 63 40 7 9 95 68 91 95 44 80 37 56 26 24 2 43 9 77 34 99 79 64 89 29 1 41 65 81 37 99 22 36 55 87 88 50 83 4 13 53 31 5 58 50 25 69 9 46 59 58 39 19 60 49 71 84 22 48 
16 15 26 5 91 58 4 2 88 60 20 14 29 64 63 96 7 62 82 65 90 85 64 98 35 57 62 91 44 97 84 25 66 84 38 63 77 12 32 39 77 83 1 14 25 69 14 53 81 66 2 86 79 8 45 4 33 3 97 50 92 53 8 41 
1 92 80 8 33 38 52 19 6 95 88 39 80 25 14 50 87 32 29 29 79 11 6 54 85 87 13 75 24 10 30 40 16 79 97 32 2 88 27 77 36 72 47 18 66 30 76 64 73 34 75 85 47 70 70 33 96 95 26 73 43 14 10 5 
51 49 2 88 92 67 43 19 5 22 79 70 88 42 3 54 40 6 55 28 5 82 15 36 73 57 55 41 17 60 60 60 59 2 12 48 7 57 2 93 32 85 56 4 73 92 17 9 91 86 86 98 4 85 71 28 8 24 26 35 7 87 75 70 
3 11 14 11 44 59 61 84 77 66 54 87 81 63 24 36 14 41 93 20 52 9 87 20 1 88 97 66 100 89 9 75 24 38 99 66 26 90 64 56 49 35 16 76 32 57 85 41 74 3 30 14 26 24 3 25 65 33 33 3 48 5 96 86 
8 52 58 93 9 48 7 44 31 97 59 87 7 21 16 8 77 4 61 51 57 56 70 66 91 14 97 73 95 59 29 60 21 86 20 94 6 47 6 25 87 89 31 91 81 51 81 62 78 12 16 100 41 7 70 8 16 17 95 61 82 55 83 20 
71 34 53 64 60 50 64 46 26 9 56 49 59 27 36 67 42 87 29 80 35 67 29 19 83 57 97 7 44 13 24 71 12 30 93 53 75 37 38 68 31 59 90 16 40 45 52 26 11 61 6 8 57 71 96 78 20 87 12 42 78 69 34 21 
42 32 76 6 19 99 68 54 2 74 61 69 84 81 90 88 8 26 85 19 22 39 7 70 63 21 20 22 7 43 82 85 73 70 13 18 17 82 18 9 48 81 96 75 79 95 31 5 29 46 42 74 3 71 18 86 93 4 69 28 83 35 24 20 
91 71 13 82 92 77 36 81 88 14 32 59 42 63 4 35 55 77 59 61 38 51 5 95 69 20 11 64 54 61 4 57 66 59 28 77 29 92 57 21 54 68 69 4 52 42 32 49 41 48 19 19 22 43 59 100 64 14 33 21 97 21 50 1 
5 93 6 76 3 51 3 57 23 39 83 16 14 38 86 85 52 45 73 17 48 63 65 86 56 96 92 88 47 28 77 63 1 63 71 38 22 58 80 59 49 87 82 92 94 72 57 96 66 62 46 10 38 7 23 72 43 76 84 73 36 44 54 96 
85 92 10 84 54 70 17 64 67 4 77 18 58 85 90 1 9 85 30 47 7 55 21 56 97 64 73 6 57 51 37 91 5 100 21 90 96 89 29 27 86 50 86 42 62 27 85 32 49 36 85 99 96 68 99 3 64 2 59 46 33 7 34 85 
17 76 98 23 71 100 82 66 96 17 27 63 24 4 26 27 28 1 78 95 47 56 52 27 42 96 77 7 44 26 5 86 58 70 10 40 31 8 98 81 96 93 20 42 90 63 16 96 8 66 78 23 23 12 25 44 38 20 5 94 71 63 65 5 
39 3 61 56 25 59 82 41 34 34 59 63 3 7 49 91 56 82 90 90 20 13 54 45 1 45 49 2 49 61 83 35 85 91 54 44 92 23 62 94 31 29 39 65 100 18 67 5 21 65 87 32 27 45 91 63 94 75 90 16 82 10 11 3 
66 51 35 99 4 46 18 55 58 96 55 12 44 27 35 6 26 99 48 6 95 18 76 70 25 78 43 47 63 17 57 14 32 97 82 42 58 26 82 21 92 57 12 29 95 14 68 65 43 96 88 96 36 19 1 45 79 26 30 96 82 70 49 11 
39 11 12 49 81 9 73 55 59 26 10 60 74 43 72 98 84 40 90 41 22 19 45 76 86 51 37 86 26 73 99 79 25 71 76 23 93 25 64 66 61 25 61 40 95 26 69 27 46 7 75 2 58 72 9 56 56 53 26 66 4 10 6 78 
40 59 32 89 79 17 15 69 13 32 4 66 37 55 37 81 64 9 99 3 40 45 77 57 73 64 22 76 62 85 59 7 75 50 3 94 14 45 70 53 40 65 89 53 37 74 70 63 23 26 58 19 22 90 89 50 4 16 60 11 99 14 62 38 
39 87 16 15 2 85 29 46 45 71 98 10 29 7 85 83 13 30 80 86 62 7 68 88 57 6 39 60 79 66 75 53 79 80 72 79 47 93 43 87 12 62 52 5 8 98 17 57 45 34 64 29 71 12 28 26 20 60 66 98 31 87 77 5 
23 4 39 43 74 45 50 16 66 82 39 57 62 68 24 14 64 40 16 68 26 1 31 97 26 75 47 62 38 74 34 25 44 99 52 50 42 29 8 55 78 10 18 82 44 55 12 50 68 26 38 6 29 90 98 37 18 80 60 43 17 44 96 47 
61 37 21 37 68 81 94 93 64 89 87 17 65 81 78 4 64 62 75 76 14 7 97 93 16 29 53 26 42 55 4 47 34 90 56 64 62 58 39 65 20 28 44 90 33 16 2 57 68 18 38 65 41 29 87 50 25 52 76 15 55 21 14 78 
71 94 38 46 71 94 29 9 51 100 90 88 17 46 20 64 44 64 77 86 65 18 46 35 52 36 84 41 20 100 5 28 57 85 83 60 24 74 66 37 40 45 33 84 80 5 19 18 33 38 10 43 34 83 68 49 21 72 64 60 63 38 43 64 
23 68 11 69 55 99 39 74 51 3 45 82 46 11 9 22 55 71 58 95 92 49 6 67 69 14 45 17 42 22 42 90 9 5 46 62 55 83 28 12 89 79 5 69 36 95 48 85 72 99 13 27 16 55 96 70 38 17 23 48 40 28 75 88 
36 33 47 18 44 28 61 54 41 75 95 61 97 5 17 91 94 86 3 78 69 92 94 13 55 1 98 81 2 11 66 76 67 49 43 42 71 44 54 9 68 60 65 63 5 73 84 95 40 32 92 16 47 66 43 61 21 82 37 62 35 77 59 82 
46 83 34 94 42 65 42 96 44 71 36 71 64 11 36 98 75 65 79 63 42 96 72 86 50 48 49 70 7 45 81 75 26 33 56 25 100 34 50 36 91 38 99 72 75 47 79 35 10 49 5 33 71 53 29 95 65 79 7 3 14 87 86 62 
6 93 80 43 74 11 86 96 4 63 48 43 29 25 39 87 65 12 74 94 50 55 86 9 7 91 57 81 81 20 8 28 30 93 16 82 26 40 78 81 28 45 13 51 15 5 29 41 72 14 30 43 49 69 95 19 18 1 47 86 59 10 36 61 
19 24 74 63 43 13 10 3 14 12 28 89 52 95 17 22 44 15 21 64 42 47 100 26 96 19 63 19 65 42 14 60 72 46 3 37 78 6 13 49 94 27 95 5 80 87 87 65 68 8 62 100 56 53 28 37 77 58 59 79 5 80 37 62 
69 83 55 6 74 7 13 79 81 88 86 38 43 54 10 47 44 47 7 51 20 3 28 65 75 99 93 79 17 73 86 78 30 91 50 30 71 88 16 95 26 86 79 84 6 82 47 48 53 58 78 75 52 25 100 97 52 48 59 98 33 83 66 29 
92 62 79 98 37 73 15 38 97 17 53 69 100 13 42 23 82 95 100 49 2 100 32 98 80 83 54 34 79 24 63 7 66 48 4 18 1 30 93 59 70 69 55 98 13 29 95 5 67 80 36 16 14 22 100 4 9 46 13 43 9 54 86 79 
77 37 87 57 54 80 16 12 38 71 6 78 34 4 22 97 21 31 52 70 59 100 95 90 33 43 6 42 75 19 62 53 24 49 29 40 16 89 38 29 64 9 94 98 6 52 95 76 35 2 82 95 69 63 98 41 92 81 71 67 51 77 73 10 
23 68 33 14 100 74 100 79 97 8 10 45 73 75 5 62 9 76 31 4 4 17 77 80 4 64 21 13 11 70 53 74 30 78 41 52 13 72 62 10 23 20 16 57 3 88 29 14 27 5 75 65 57 20 84 8 99 63 68 1 22 89 23 40 
50 64 59 17 27 93 36 5 80 34 42 98 97 91 99 64 46 69 90 33 43 78 27 97 16 48 60 38 13 6 23 45 30 72 36 62 7 71 22 25 48 68 57 93 11 28 63 53 70 52 60 25 42 81 98 58 8 54 84 61 7 41 81 1 
94 84 52 31 12 17 7 69 49 40 33 86 67 31 61 97 13 98 32 80 58 64 76 47 6 49 98 93 56 66 76 91 83 46 63 91 94 27 96 78 21 68 74 80 47 44 80 83 69 55 95 63 64 14 26 57 50 65 56 83 73 1 73 7 
76 36 21 2 6 12 81 35 12 34 60 36 94 27 65 40 9 67 73 25 19 1 68 92 28 3 91 3 96 46 97 82 1 1 53 13 23 66 74 93 12 85 70 37 48 24 44 71 81 78 26 47 84 8 74 59 37 25 99 16 31 53 81 24 
63 80 21 64 17 96 43 84 59 4 53 60 42 27 1 21 14 32 18 29 78 3 67 75 20 28 15 43 10 22 88 80 13 19 87 19 56 94 35 75 36 69 65 37 3 76 72 6 79 70 80 30 13 34 29 63 65 9 13 27 88 2 97 3 
43 25 55 64 1 100 92 78 36 91 26 91 88 96 44 85 61 98 49 35 33 65 90 88 5 62 63 5 53 55 71 56 93 38 63 14 75 38 4 11 62 50 64 66 47 89 63 90 54 90 66 15 75 45 99 54 83 80 46 100 53 63 31 76 
48 30 18 35 63 77 48 99 98 54 6 4 94 13 19 94 32 52 4 3 38 100 96 8 87 24 42 97 33 20 81 70 71 73 63 88 43 71 55 41 72 11 85 30 69 34 97 77 78 54 78 18 83 11 4 35 18 17 34 68 64 40 81 24 
35 71 79 56 25 89 43 11 89 97 5 31 6 42 96 94 57 66 35 9 96 2 1 94 19 82 76 44 10 13 7 95 59 92 50 47 9 52 50 21 100 85 70 48 3 35 74 70 76 58 26 12 27 86 49 54 82 45 26 81 100 17 90 81 
71 73 96 27 94 22 97 60 2 13 88 84 20 99 69 45 19 29 8 18 56 85 33 22 8 25 9 89 56 75 16 22 47 80 72 50 35 21 96 56 65 86 71 61 39 65 10 90 87 15 5 79 85 41 57 15 8 10 21 5 29 62 87 29 
8 78 40 28 23 75 43 76 43 41 66 59 78 81 45 25 51 80 45 36 52 76 9 52 74 20 30 24 96 100 28 91 17 36 62 34 3 70 22 33 32 12 58 51 12 78 38 39 67 88 91 89 85 96 32 66 6 7 71 60 67 28 14 67 
50 80 3 91 53 64 32 42 6 36 35 69 46 2 13 64 99 71 13 93 6 56 55 61 21 55 50 89 73 66 79 26 28 44 99 88 77 7 66 60 51 46 53 28 43 48 73 3 24 57 13 29 1 24 62 80 74 80 41 76 79 50 69 44 
82 87 89 33 73 90 32 18 67 9 39 9 99 61 48 5 29 42 64 33 49 51 21 7 38 30 25 77 76 32 89 36 24 72 15 89 71 57 26 57 92 20 59 12 2 31 48 21 15 18 78 100 27 7 88 4 91 21 82 39 16 13 63 27 
7 25 55 81 22 100 28 21 16 13 43 59 1 3 5 12 56 13 35 82 2 75 71 1 95 33 63 30 47 75 63 12 65 5 58 24 47 95 41 65 70 83 64 37 75 65 41 78 78 20 82 20 6 87 97 74 54 79 26 80 10 51 89 64 
77 36 8 87 57 30 87 13 31 26 26 84 64 94 95 62 13 93 8 50 31 24 15 68 83 1 25 7 76 21 20 26 64 42 93 66 56 77 72 3 86 34 4 29 1 8 90 44 72 90 1 27 98 16 93 74 42 45 89 19 9 50 25 87 
28 79 36 48 12 60 25 8 35 67 48 59 49 80 39 50 79 65 21 100 22 76 19 85 3 85 50 49 38 48 28 70 48 35 66 73 58 48 93 79 90 53 36 54 32 31 74 73 2 76 96 73 80 64 33 73 50 99 7 20 82 45 1 12 
13 30 47 11 81 59 78 38 72 80 89 16 35 28 79 88 53 5 26 8 10 93 62 45 44 90 98 81 25 16 8 53 93 84 11 83 69 62 66 81 16 72 63 71 5 90 25 69 25 6 78 92 78 85 87 54 93 33 61 68 44 20 28 40 
34 81 62 8 35 42 30 81 67 86 14 67 50 83 38 36 54 98 57 67 80 85 8 91 79 66 9 12 10 67 62 30 28 74 8 87 54 29 98 14 15 8 37 81 75 58 60 50 50 97 39 70 2 18 45 53 100 60 86 98 59 80 66 86 
78 9 88 87 62 9 50 35 62 27 66 76 75 79 24 75 7 51 100 56 98 87 38 16 95 51 76 1 51 63 44 77 64 3 19 58 92 8 18 1 88 60 99 74 10 57 77 86 64 76 23 10 12 47 79 55 17 75 31 90 79 40 60 14 
46 5 49 12 3 8 53 47 15 25 41 20 68 26 93 31 66 84 58 35 50 72 47 94 29 64 6 89 58 47 26 50 61 93 62 18 15 72 64 46 49 8 99 52 98 61 59 100 7 55 91 96 50 13 75 26 7 54 94 13 69 36 73 9 
91 45 50 68 45 76 75 81 70 55 19 30 43 90 86 18 94 69 47 80 39 38 83 87 3 41 91 2 19 11 90 90 63 8 100 9 35 80 66 5 68 84 79 6 76 58 71 92 72 34 54 32 78 67 75 52 50 25 29 17 12 20 81 1 
82 89 45 50 60 60 1 50 17 42 28 87 64 55 62 96 39 95 39 88 50 64 42 38 55 35 7 14 76 99 74 56 98 66 81 86 85 72 31 51 96 73 23 37 99 54 62 82 98 58 4 71 3 13 98 100 74 33 99 36 40 29 80 8 
6 78 44 6 72 92 30 52 66 57 49 49 5 47 93 43 65 32 51 65 81 78 5 71 40 49 11 52 55 72 33 88 11 1 38 22 44 8 20 39 98 70 69 35 67 39 97 43 73 90 85 80 21 71 84 23 28 41 56 86 69 77 15 61 
32 39 2 69 86 56 14 1 8 24 77 66 64 84 3 89 57 70 18 78 86 24 3 99 62 35 46 88 95 73 67 42 29 64 82 39 76 60 7 73 92 59 39 3 4 52 59 94 37 10 26 79 73 81 53 20 7 57 33 1 100 70 13 45 
10 80 24 85 24 21 53 93 87 51 57 33 20 61 33 77 78 13 92 64 100 35 80 45 42 97 68 19 20 62 64 95 96 56 13 79 30 21 54 9 12 4 4 97 11 81 80 3 51 14 2 36 53 28 46 42 91 78 44 31 16 24 86 23 
46 94 1 20 92 65 67 42 28 26 51 94 1 95 74 3 76 15 10 88 76 86 68 21 19 19 21 16 7 15 61 1 73 27 79 65 68 34 68 88 41 22 48 85 43 35 9 90 49 83 41 4 71 83 50 60 9 78 27 43 13 9 94 11 
91 55 4 58 46 58 21 46 38 94 41 82 51 48 66 80 15 50 55 59 44 9 48 51 81 74 62 71 79 93 77 70 70 79 77 2 72 87 10 29 48 44 79 92 4 32 45 28 93 80 19 86 55 66 37 23 39 23 62 53 11 75 18 9 
82 25 92 93 24 16 2 84 45 74 86 7 67 34 33 67 80 37 31 72 26 12 14 80 64 45 66 28 44 7 48 94 49 27 21 80 74 57 54 72 47 18 50 85 78 82 4 68 87 17 97 98 11 82 95 65 47 88 83 29 7 25 17 33 
69 12 2 75 84 37 42 88 21 42 67 67 28 52 16 44 2 16 22 3 89 28 16 98 25 69 57 44 26 81 95 43 54 7 77 73 84 34 94 5 8 44 64 88 6 73 50 14 21 58 86 12 69 18 65 73 45 2 40 20 52 11 3 16 
90 74 92 35 29 39 26 3 94 87 78 6 26 51 38 39 93 40 64 81 86 68 50 52 67 32 80 62 65 96 53 79 79 4 93 4 36 60 5 69 47 3 77 37 70 43 32 18 37 84 78 81 4 10 98 11 95 7 32 29 10 34 4 5 
96 21 33 21 15 21 89 27 41 83 33 54 10 57 39 96 53 15 10 81 83 92 26 99 46 72 89 6 22 74 42 73 2 17 31 46 9 26 16 82 98 93 58 21 12 50 84 53 22 58 17 4 76 78 2 67 11 1 11 36 66 45 33 68 
92 12 49 66 15 100 47 42 17 56 95 25 6 56 11 12 99 31 27 99 98 48 46 48 98 72 62 84 68 61 66 18 82 62 9 21 67 41 65 55 11 65 61 11 84 65 20 70 52 24 100 69 62 63 66 42 56 59 42 10 18 48 49 54 
28 55 12 48 52 6 36 44 34 10 8 14 28 43 95 30 94 24 67 11 2 97 21 60 80 4 22 57 64 16 9 52 99 75 22 3 58 96 14 5 20 48 92 27 88 44 8 5 16 14 66 45 20 47 92 19 42 78 75 33 16 59 64 93 
