Testul #4 durata: 9 ms.

42 10 79 69 98 93 40 11 49 35 37 65 4 67 14 46 54 48 67 78 44 86 47 10 94 53 46 31 80 52 44 1 13 41 86 83 47 99 6 74 76 59 70 73 78 28 26 46 21 41 11 14 28 4 38 34 65 33 45 7 91 83 6 71 17 86 89 8 41 92 92 77 37 41 25 79 44 90 8 73 76 77 78 79 26 75 5 27 30 21 56 1 78 92 90 40 1 58 66 65 13 6 66 48 12 31 100 38 25 3 76 98 23 68 79 50 14 54 76 4 6 87 33 47 96 34 88 52 
26 42 66 98 54 19 11 21 58 15 36 30 78 62 2 70 42 98 68 38 66 44 26 17 92 63 30 72 97 47 47 58 58 81 9 74 20 93 36 2 46 43 37 93 50 11 73 44 62 75 63 36 52 99 92 63 28 51 72 22 61 51 36 18 51 86 82 86 60 7 65 7 88 33 14 84 85 46 34 49 86 15 89 67 99 22 90 42 34 80 23 37 29 12 72 97 28 39 79 49 16 53 10 89 76 64 49 58 55 7 49 56 63 26 74 41 36 29 92 29 43 18 15 15 36 83 29 3 
30 47 26 4 63 7 71 48 83 84 24 53 93 23 66 74 87 85 45 26 78 88 25 77 62 25 48 5 15 96 99 47 72 85 56 46 98 93 31 83 57 72 92 37 94 32 53 87 64 66 4 52 9 79 99 5 48 34 93 58 88 67 28 54 82 63 5 32 19 51 96 74 56 42 77 99 14 91 1 54 78 10 53 28 69 2 80 14 31 3 91 35 77 93 82 83 1 20 9 73 81 69 24 70 18 69 70 87 70 73 84 7 23 26 65 68 31 37 85 76 21 26 22 35 66 20 78 39 
43 96 75 70 68 87 92 99 62 97 69 36 77 64 32 19 73 48 48 32 58 12 18 66 10 97 98 36 93 46 24 29 7 95 48 51 61 26 31 93 13 2 4 43 39 2 58 70 80 18 50 12 79 8 2 72 28 6 71 46 100 45 8 38 98 53 9 99 67 52 59 23 45 24 44 59 93 73 97 47 38 3 50 83 12 47 51 56 21 11 92 30 19 47 78 26 70 43 40 55 87 18 46 69 40 4 97 93 2 11 39 11 57 6 70 49 11 42 59 83 12 34 87 76 44 27 61 88 
18 63 29 50 51 93 49 88 30 12 35 80 58 99 22 66 89 29 28 39 52 18 11 28 70 98 82 95 29 76 47 97 50 82 98 41 21 23 44 8 86 21 37 77 14 36 43 19 96 71 85 69 5 13 43 41 6 23 6 24 61 100 34 100 87 65 41 71 81 10 95 96 60 68 84 64 17 72 14 54 88 64 32 46 8 53 79 42 76 61 58 90 49 90 83 50 92 46 55 81 77 64 86 28 48 55 29 80 11 70 3 28 52 8 71 71 89 9 26 96 53 32 76 42 68 50 69 42 
41 86 36 95 23 51 16 58 59 16 89 22 33 74 30 73 53 31 32 31 70 100 81 7 79 52 30 87 86 68 90 9 23 18 24 32 54 50 78 72 44 85 59 41 13 16 2 60 33 97 57 75 37 64 28 86 16 73 97 26 32 12 96 63 1 69 55 69 71 53 12 70 35 96 30 50 81 36 45 2 15 34 48 38 69 52 35 49 100 75 89 15 96 2 88 83 87 34 36 69 33 4 82 25 9 80 65 48 25 30 37 50 28 2 17 49 43 100 90 26 46 6 54 65 100 70 58 61 
2 39 16 57 28 63 36 48 16 32 65 60 28 7 46 1 54 94 46 28 26 56 69 78 10 15 44 81 56 68 14 95 45 43 8 12 9 70 41 61 59 50 34 37 34 21 58 87 12 36 82 14 50 88 99 84 100 12 46 22 7 29 52 54 28 38 61 7 18 81 87 89 43 97 12 84 15 13 44 51 70 49 12 76 7 8 97 54 97 42 85 9 89 63 87 85 7 80 34 69 97 36 80 34 94 33 39 97 8 8 63 5 73 94 93 37 18 80 95 12 28 50 89 81 34 36 20 74 
51 93 82 51 46 23 49 72 75 82 62 99 40 40 28 11 12 57 17 46 98 85 81 19 65 42 22 75 3 94 75 45 3 29 32 97 28 78 73 19 67 72 99 67 35 99 3 26 19 92 12 38 23 49 31 79 25 96 84 11 83 63 60 35 88 44 81 38 67 90 90 29 20 27 64 68 14 83 72 93 43 86 9 46 66 17 4 67 35 19 78 4 22 21 35 16 9 90 65 35 83 89 82 69 9 3 50 99 88 14 74 53 7 90 13 85 26 14 13 68 3 14 46 26 100 94 47 71 
10 19 84 99 21 96 94 73 39 57 12 39 65 91 67 93 79 58 61 36 32 82 95 73 14 23 30 39 22 89 65 21 51 16 13 39 92 76 50 22 4 7 48 97 50 29 61 39 75 5 27 99 70 47 31 47 94 81 43 28 88 29 78 97 69 27 62 82 64 43 30 67 71 42 20 5 6 94 53 23 52 47 55 97 26 11 32 98 54 92 69 72 92 56 23 36 43 38 9 49 2 63 2 68 88 15 97 18 25 65 27 87 81 64 27 47 47 32 89 69 43 24 59 1 60 57 63 13 
33 27 39 52 33 47 49 59 44 76 15 49 63 6 86 44 11 72 61 20 38 81 81 16 27 13 2 75 75 68 77 49 76 8 68 90 45 59 12 14 10 43 50 65 69 61 56 16 33 15 11 81 34 9 41 100 13 23 91 43 50 77 96 67 55 59 19 55 18 74 51 13 98 31 45 63 18 58 43 67 19 5 99 18 99 86 21 89 21 86 56 77 27 84 77 37 30 26 86 33 33 86 42 45 37 55 46 58 51 41 80 33 85 86 85 6 58 31 93 58 84 3 25 40 41 74 24 60 
6 52 95 25 25 6 21 41 93 97 71 95 98 67 47 88 60 35 35 81 30 8 48 92 9 100 36 84 57 13 97 54 66 44 11 34 99 90 35 3 85 36 5 37 89 42 79 19 47 26 79 36 95 1 100 78 85 42 59 91 33 18 7 7 70 12 70 78 78 10 58 8 38 16 72 41 48 59 2 52 30 100 23 23 97 42 79 17 10 90 4 91 56 18 88 79 58 63 75 1 22 58 48 42 90 49 31 55 58 55 22 16 6 30 37 45 5 76 2 13 62 70 13 12 6 59 58 72 
83 1 36 8 79 71 82 29 24 43 12 14 31 52 36 86 14 54 30 3 86 65 41 9 29 76 66 3 64 38 54 33 4 98 27 91 66 35 91 1 69 42 45 15 75 52 56 75 70 78 49 16 64 22 51 93 45 30 49 3 97 100 36 8 98 26 97 65 54 19 93 64 96 86 35 77 91 41 54 70 7 5 76 65 64 7 14 27 88 26 49 45 73 4 47 89 47 86 30 75 79 76 58 69 89 15 18 41 9 89 81 32 64 34 29 86 33 29 56 40 82 51 53 17 85 25 53 10 
18 80 78 48 6 4 44 98 8 2 70 74 24 10 47 64 25 3 97 38 84 46 62 79 25 61 58 30 24 57 4 8 16 9 65 77 58 57 24 84 98 17 70 1 17 38 78 75 91 11 4 73 87 68 36 22 99 75 92 53 38 71 37 30 95 6 50 5 91 61 65 26 74 97 32 70 74 88 23 81 69 90 10 65 80 13 34 93 27 15 87 45 7 91 44 61 86 69 30 37 18 2 82 68 32 79 6 52 2 56 14 73 11 72 15 79 54 23 63 21 46 32 14 59 4 21 1 32 
97 96 37 33 82 38 10 60 49 29 13 44 38 22 70 15 49 53 18 6 70 85 56 78 34 10 11 35 64 49 71 9 85 49 7 12 55 19 6 28 8 17 45 97 49 82 69 81 28 29 24 23 11 35 94 7 18 65 20 72 52 11 72 100 13 58 44 14 2 36 47 100 9 5 29 24 27 12 33 12 35 96 73 37 89 24 78 92 31 82 54 90 55 59 38 22 57 49 59 40 18 1 58 17 93 27 26 24 96 4 43 99 35 14 9 42 81 54 99 63 59 71 60 38 61 93 94 99 
41 52 29 46 23 38 58 90 15 82 73 90 37 2 99 68 38 76 44 54 89 76 64 81 25 81 24 20 50 29 16 26 98 22 2 80 1 55 13 9 71 62 4 38 29 31 85 83 2 72 29 87 44 54 100 57 1 93 100 95 99 68 63 44 72 87 30 44 65 8 13 31 73 99 59 39 13 93 76 57 27 95 50 2 71 5 24 37 4 13 14 48 43 56 21 96 85 35 33 69 54 5 64 58 74 85 48 57 87 81 61 70 55 34 61 93 92 55 4 41 25 22 92 91 82 22 56 3 
39 22 70 73 37 98 95 66 9 48 50 81 81 32 21 45 80 43 23 72 54 53 92 34 36 97 31 18 9 47 25 57 45 4 35 33 9 60 85 39 23 44 12 23 55 64 53 79 2 12 31 47 33 59 64 84 90 9 66 92 43 89 36 57 27 33 90 48 26 73 72 95 35 1 23 82 91 15 76 75 31 60 19 45 38 18 79 34 14 33 67 55 36 62 48 79 54 29 36 42 76 42 38 37 81 39 35 87 3 68 93 46 61 70 53 50 64 20 18 1 12 43 8 16 65 89 79 72 
73 44 76 65 72 84 61 31 73 82 7 54 34 22 63 43 96 96 38 43 75 10 50 12 5 10 30 34 1 46 27 24 77 63 52 54 89 97 98 26 100 51 37 22 53 31 63 59 78 21 50 24 92 77 24 96 88 38 49 30 12 56 13 30 64 68 6 8 63 63 64 37 65 32 51 91 91 22 57 94 69 61 33 48 34 28 83 60 33 31 13 79 27 25 13 63 20 73 16 77 27 80 58 60 48 78 54 82 8 43 29 87 72 96 35 100 45 82 18 85 60 89 41 50 36 8 19 98 
69 60 32 73 39 94 99 61 6 42 82 75 57 58 83 55 36 74 39 19 66 81 76 91 34 80 23 66 90 9 10 88 13 75 6 65 54 100 92 14 74 39 43 37 20 11 6 17 19 7 66 34 32 8 22 5 62 4 17 44 2 48 55 25 38 64 28 77 21 42 66 99 68 84 13 33 44 62 11 38 59 39 8 32 39 99 76 28 97 93 52 88 46 93 39 40 36 37 56 92 18 80 62 73 13 95 39 10 62 23 94 53 8 50 89 26 12 6 10 71 37 79 92 61 25 60 68 10 
9 73 52 51 16 58 15 31 80 83 38 45 12 50 3 39 57 81 9 16 37 61 47 15 60 58 40 52 3 18 34 78 11 44 46 81 84 64 75 79 49 96 30 70 53 52 42 47 46 6 31 29 97 80 1 19 18 27 34 36 73 13 51 1 1 93 7 7 81 6 16 90 80 77 71 8 41 51 30 2 91 35 93 82 97 95 2 12 78 12 48 50 54 78 17 6 20 62 6 73 31 8 60 18 14 40 21 39 61 20 13 36 89 38 1 46 11 86 35 34 16 7 59 17 95 26 17 98 
51 54 85 14 18 38 52 87 30 60 75 100 60 80 17 56 79 89 96 22 70 81 4 28 88 38 83 90 38 51 56 84 22 9 86 22 55 20 55 65 93 45 98 55 10 1 59 7 77 58 25 29 98 92 100 82 26 31 67 41 89 99 59 49 9 64 58 51 85 87 23 54 6 36 95 19 80 69 70 12 16 83 70 80 88 48 1 90 11 41 69 33 79 96 5 85 29 53 49 70 40 25 58 73 53 7 67 37 1 83 76 64 35 98 49 46 87 55 69 49 31 59 43 54 5 52 24 23 
45 13 15 82 53 35 50 72 30 63 25 77 97 62 15 99 54 5 83 52 39 7 21 6 20 39 82 17 54 58 34 68 34 44 43 72 15 66 40 47 78 8 48 26 89 40 49 60 1 3 32 50 85 42 29 71 24 4 50 26 10 86 5 67 46 79 63 23 46 48 63 36 80 15 47 68 24 28 23 95 89 60 56 47 24 54 13 36 34 70 47 73 86 28 62 5 47 16 1 37 27 99 98 12 68 82 43 40 10 26 8 29 1 4 19 44 52 77 84 30 87 25 8 72 21 20 80 45 
81 53 58 6 69 78 48 94 15 47 56 74 19 78 55 94 70 35 56 60 26 33 39 56 94 53 39 70 15 18 25 56 98 52 2 51 8 33 38 71 40 76 10 53 84 48 3 61 39 81 36 12 65 61 27 96 15 2 82 61 100 22 79 10 68 11 72 12 77 55 9 10 75 35 64 22 32 44 82 43 96 2 67 68 49 77 13 95 18 88 82 69 1 20 11 26 30 89 78 56 71 90 54 81 29 23 16 16 16 62 34 59 73 95 93 91 51 49 24 84 20 27 55 8 1 44 77 92 
77 13 30 72 10 97 92 96 89 35 100 60 54 74 27 2 15 18 94 97 9 61 67 60 80 32 52 79 17 78 21 74 72 9 9 7 46 16 89 44 51 69 17 70 93 73 47 76 9 28 85 31 86 45 1 98 34 81 95 81 87 86 39 41 27 68 3 34 56 71 35 53 27 88 43 17 34 65 1 52 91 18 19 93 75 81 43 12 99 52 74 59 53 85 10 40 99 46 96 13 15 66 36 54 6 16 17 33 83 71 44 46 38 42 20 38 30 1 29 54 2 55 50 28 43 37 39 57 
87 67 47 31 56 58 53 24 87 49 89 40 99 64 57 83 73 58 80 15 66 17 43 57 47 68 55 18 51 20 14 16 39 51 49 28 41 49 1 46 47 11 37 11 74 62 72 59 32 52 95 95 59 58 29 89 87 29 89 17 99 28 75 86 43 86 3 41 28 92 82 41 41 94 50 21 93 3 73 78 28 10 29 7 82 98 78 93 81 16 87 10 71 7 18 75 4 24 70 26 5 56 82 9 5 87 48 59 3 69 63 50 84 19 85 39 34 66 39 86 69 32 26 1 41 48 90 30 
33 86 25 66 83 23 7 53 15 12 23 44 80 62 36 30 68 62 100 98 75 35 13 59 36 48 46 49 51 90 92 7 54 18 39 98 38 95 50 17 64 58 2 14 24 65 2 8 97 57 50 20 30 63 49 13 77 70 95 43 100 27 81 4 72 73 55 86 74 18 26 87 19 10 19 1 36 74 22 84 94 19 79 63 14 24 58 83 100 69 89 58 17 98 58 23 34 32 18 49 87 90 2 56 92 22 40 62 7 37 84 99 63 64 34 76 75 73 31 86 57 77 48 95 25 55 22 8 
32 41 80 31 38 25 93 59 44 12 2 9 26 18 55 69 52 36 1 98 18 45 79 42 13 30 59 45 76 38 84 44 39 82 25 1 83 17 76 1 74 30 12 77 40 93 93 13 54 51 66 59 78 62 71 10 7 60 83 89 82 31 11 22 66 33 9 51 68 77 76 65 98 58 16 27 93 58 8 28 8 85 18 11 51 91 91 27 28 68 80 35 52 38 56 11 77 72 23 96 7 33 2 73 41 79 92 78 57 21 61 85 63 83 53 3 97 52 43 68 39 16 50 78 21 75 91 15 
9 74 96 77 35 93 89 85 42 72 58 3 33 42 4 25 77 87 67 99 69 77 54 82 84 1 60 39 22 43 44 49 45 51 60 57 21 13 88 42 13 51 100 70 48 93 4 36 60 38 91 94 46 14 2 60 83 19 16 61 10 88 58 34 13 6 15 57 60 69 2 52 83 95 6 66 59 35 19 5 60 13 30 4 5 63 17 99 1 67 24 13 41 43 35 65 86 85 1 88 8 49 92 66 54 12 38 7 48 2 55 1 3 14 56 3 49 68 52 39 17 35 97 86 95 89 57 79 
14 23 89 55 49 57 66 77 13 82 90 63 97 84 9 95 67 51 45 20 10 61 43 23 51 85 15 65 17 84 65 52 27 61 25 82 64 82 24 16 85 77 96 27 46 83 61 35 100 58 9 14 48 19 49 71 72 40 94 90 10 78 15 99 65 33 23 20 60 90 49 24 76 41 90 54 61 53 15 7 100 73 64 59 52 36 12 45 23 23 89 24 42 93 86 80 47 44 32 10 37 2 10 81 69 78 45 85 76 60 22 41 73 99 61 95 5 53 98 42 60 60 89 87 5 7 44 92 
69 94 8 51 28 51 68 42 28 29 100 87 47 90 60 37 38 35 21 47 51 63 88 41 19 70 23 61 56 79 3 43 71 51 70 96 24 51 29 99 26 64 69 18 60 74 87 72 28 15 4 67 63 40 54 87 45 41 16 79 47 81 4 44 10 16 47 60 45 4 89 26 14 52 66 58 97 60 52 62 50 74 2 62 8 74 84 71 29 92 7 36 52 68 35 48 81 19 36 80 72 88 2 28 88 66 76 13 1 12 55 98 24 40 82 97 14 36 89 23 8 9 27 82 49 14 8 51 
92 26 67 48 16 1 66 24 25 36 51 12 77 42 15 76 15 45 10 63 6 13 30 79 25 12 83 25 37 38 18 52 100 63 44 51 13 22 75 3 8 100 51 9 88 46 74 38 65 17 56 73 35 43 92 85 8 79 84 30 13 44 51 95 68 96 5 62 96 43 67 32 1 21 36 80 62 68 90 93 64 20 61 62 81 9 40 90 93 63 10 53 67 17 73 29 8 52 61 48 59 8 38 49 17 30 33 93 87 68 76 64 44 79 37 95 52 15 65 57 61 76 41 73 54 23 9 10 
73 22 19 66 25 9 38 66 39 61 79 6 48 86 100 9 48 20 27 88 85 9 10 15 39 66 97 94 19 79 35 37 98 68 64 63 43 22 70 36 99 41 42 70 88 14 46 28 32 36 17 16 43 23 2 7 64 78 29 78 72 17 78 79 27 13 80 76 91 35 85 55 10 98 62 55 15 61 85 98 96 84 57 48 19 5 54 79 50 90 66 75 16 86 56 83 48 13 54 100 44 88 28 54 90 28 83 94 62 77 78 67 53 54 40 39 100 87 70 19 59 80 32 61 83 80 71 66 
98 92 12 56 35 37 91 78 74 23 48 38 24 72 38 58 58 100 22 38 34 14 70 24 31 22 27 69 66 13 8 23 20 38 12 52 58 82 22 42 39 75 74 67 93 28 26 68 47 44 67 16 33 12 94 62 80 26 51 90 20 79 79 55 39 71 19 87 75 80 56 35 7 76 13 51 54 83 29 100 65 72 6 2 66 26 69 44 36 98 39 69 93 88 43 2 90 43 1 22 70 29 78 21 13 14 89 48 86 55 86 67 71 3 9 15 68 17 76 55 38 44 1 14 98 66 50 79 
53 7 94 36 21 14 65 71 1 13 90 74 33 10 20 52 33 88 46 1 99 91 84 50 71 3 11 52 6 55 66 75 52 13 38 2 6 36 7 97 96 94 48 38 96 99 40 84 31 45 26 89 16 6 74 30 98 79 82 68 17 78 44 85 92 42 8 15 61 73 84 85 65 43 90 4 74 18 14 27 58 89 93 9 2 36 25 66 23 8 65 73 27 7 60 82 52 47 85 64 16 27 66 92 88 46 53 27 91 47 22 56 85 100 94 41 69 35 60 39 3 58 78 68 93 98 6 73 
92 38 17 57 33 41 67 21 58 21 41 51 3 18 4 52 25 94 47 24 58 6 58 69 64 97 11 45 66 87 29 47 17 97 24 65 32 11 65 77 74 18 94 49 59 75 47 70 73 47 74 55 4 4 52 51 16 25 21 15 59 94 30 28 6 34 61 77 27 48 14 79 20 87 55 13 2 10 96 39 97 7 96 22 71 31 62 86 15 42 40 54 47 87 62 47 23 63 54 44 64 46 62 77 21 10 74 63 37 35 79 62 49 51 9 36 15 70 60 49 88 76 64 91 98 18 63 45 
37 59 97 38 14 80 75 3 80 34 97 70 31 74 48 16 90 53 8 29 57 89 1 25 79 60 61 46 76 87 93 37 98 30 87 25 78 6 36 94 45 71 13 2 12 35 3 52 23 22 27 98 76 4 35 69 44 88 70 98 42 75 30 76 69 52 96 91 50 100 84 94 77 33 78 16 36 43 67 95 68 35 68 91 85 43 24 46 80 89 32 80 47 12 8 57 87 65 24 48 89 50 44 86 47 64 83 92 20 32 82 77 18 26 72 15 51 90 85 96 98 56 91 52 7 11 45 85 
38 41 14 65 76 29 60 63 71 8 26 65 11 27 10 5 80 73 79 35 74 6 90 94 54 47 95 28 67 5 79 67 85 52 44 2 25 87 96 56 77 73 5 100 49 97 100 24 38 42 37 70 46 1 30 28 81 24 60 51 94 1 34 56 33 34 60 10 11 61 3 74 38 67 89 80 35 29 51 89 57 7 25 69 56 4 15 59 90 6 73 51 24 26 24 8 100 91 79 94 70 72 18 29 37 62 82 82 68 54 21 29 76 67 65 100 55 24 43 87 37 52 60 49 18 58 43 54 
52 23 20 21 31 50 98 76 2 66 28 5 4 58 48 11 15 25 43 90 19 51 63 20 59 16 11 24 63 20 13 35 97 66 9 80 85 81 53 7 42 48 2 42 31 40 62 44 71 47 84 55 89 95 79 4 98 53 91 45 11 19 100 62 86 85 4 50 88 27 79 96 40 46 21 73 30 48 41 48 19 32 15 41 64 42 47 34 81 15 31 71 7 45 65 56 83 46 66 100 53 6 26 16 61 61 70 69 77 45 53 10 47 44 70 41 40 34 42 68 9 54 69 87 57 37 83 12 
32 79 31 26 91 76 96 18 43 30 67 26 74 45 20 95 83 15 47 14 42 90 29 10 96 54 75 68 96 47 84 63 22 14 99 11 70 87 47 91 76 20 4 98 23 43 12 42 8 41 52 74 53 14 89 42 33 99 94 11 21 79 86 21 48 13 10 63 27 30 53 2 87 26 43 62 83 84 59 64 41 14 23 89 53 89 91 45 24 37 70 40 90 17 90 97 22 71 39 52 84 17 42 57 89 18 78 53 74 90 71 80 47 99 5 56 18 53 90 13 50 17 51 34 86 98 20 19 
64 47 64 95 68 72 64 32 65 91 78 61 49 6 49 83 4 18 77 59 17 53 29 78 70 17 89 30 93 100 20 49 11 67 99 79 92 3 54 16 15 40 11 2 51 56 44 9 70 64 57 41 81 57 35 16 57 18 71 55 20 60 82 24 38 90 28 70 70 34 99 37 84 63 85 17 21 81 98 65 9 62 63 34 3 77 89 38 89 97 91 94 34 22 25 91 2 4 9 32 41 37 40 94 59 19 8 70 57 67 65 99 99 34 52 64 2 78 95 68 64 96 39 90 36 51 82 67 
70 33 65 50 73 32 41 96 4 68 59 12 57 19 94 68 66 70 48 76 26 6 37 99 86 61 15 76 84 93 9 15 54 65 87 68 63 60 46 26 99 2 56 24 13 26 49 4 10 88 83 77 87 54 91 3 37 98 21 8 68 42 14 33 78 20 76 53 66 35 58 41 33 46 81 73 39 55 14 42 9 78 52 61 90 35 84 55 47 81 24 1 3 41 25 62 79 18 96 93 3 62 62 5 73 22 91 20 53 89 60 27 57 91 92 48 34 7 98 8 56 17 67 91 66 81 57 85 
68 44 19 74 20 90 35 53 64 19 77 80 95 66 13 79 21 42 76 83 79 43 95 49 46 42 23 75 64 40 43 90 38 80 84 66 27 53 67 65 96 93 69 62 67 65 83 89 82 53 10 66 50 4 99 47 15 95 76 73 29 73 40 7 23 11 1 97 60 65 38 95 71 97 29 98 35 85 99 57 31 3 6 20 62 61 16 73 2 46 6 61 26 20 17 5 73 18 48 56 81 56 50 32 37 81 94 7 58 40 81 24 40 40 78 30 95 69 5 8 28 30 32 5 74 1 5 31 
80 83 10 18 88 8 53 47 48 67 32 69 57 93 96 38 90 12 44 99 90 98 77 72 87 15 11 64 61 56 15 67 14 84 3 89 64 48 89 9 10 69 19 22 79 88 70 54 39 63 58 60 46 3 33 92 90 34 36 20 99 1 82 73 57 68 18 22 62 88 48 5 3 37 31 91 36 53 45 69 93 41 42 64 63 52 25 37 90 17 33 77 29 40 91 14 5 10 81 35 89 20 10 53 85 54 15 63 100 33 50 50 36 55 24 24 29 29 25 82 17 97 2 1 86 57 82 98 
92 24 18 36 53 52 73 85 94 99 56 12 4 82 69 42 27 47 34 8 1 34 24 44 14 70 45 9 71 52 15 72 4 49 62 21 87 44 56 2 45 18 38 2 75 77 69 97 70 26 39 43 22 83 68 46 1 33 32 48 70 6 33 57 36 29 81 44 17 68 62 16 31 58 85 58 37 74 76 38 17 1 74 10 5 40 55 53 47 12 73 51 9 17 38 48 93 68 11 52 37 12 84 78 91 95 57 60 7 46 28 65 65 42 80 84 84 85 34 37 27 68 10 45 100 98 80 14 
58 6 95 11 95 84 66 45 73 5 81 43 32 79 22 84 17 23 97 30 94 14 45 41 61 62 24 12 53 78 32 99 63 15 42 49 6 68 72 52 5 64 58 72 84 79 6 40 93 46 73 67 24 39 11 53 86 17 66 92 74 35 18 54 12 99 68 84 74 1 53 4 60 80 56 98 100 28 16 24 90 85 87 44 100 53 10 66 45 56 58 50 95 63 50 67 58 94 21 21 71 1 78 49 89 94 15 62 43 96 72 62 47 39 60 29 37 66 72 48 94 37 54 74 10 37 91 71 
32 68 89 95 26 1 8 6 53 8 75 99 37 34 13 22 16 44 81 81 11 36 46 6 2 47 15 75 41 48 26 74 74 54 96 91 66 86 81 71 26 95 79 66 3 6 4 13 29 63 39 52 31 37 4 57 48 74 37 22 39 38 27 87 5 86 65 24 75 86 97 14 26 28 13 79 88 27 89 54 95 34 97 83 28 91 34 21 88 38 88 10 49 94 50 63 56 29 61 64 70 15 38 8 17 5 91 73 68 63 4 67 1 52 18 74 66 4 79 29 90 23 67 88 78 88 39 98 
68 48 84 71 26 4 38 8 5 96 2 81 15 25 100 49 44 81 69 12 34 98 36 85 71 81 84 31 26 76 89 91 95 5 2 30 47 29 91 67 12 35 70 54 26 41 87 74 67 49 23 46 18 40 54 66 22 28 45 72 25 26 86 86 71 62 87 17 33 53 35 52 34 88 86 37 28 55 55 54 58 21 52 80 65 18 67 92 44 12 95 99 32 22 64 64 71 14 14 31 77 86 66 69 45 85 52 29 46 28 17 41 49 87 32 73 16 64 31 54 19 49 18 23 98 100 80 85 
52 21 28 61 70 19 34 94 67 92 30 23 27 34 41 62 53 76 79 45 73 30 56 85 41 52 29 85 72 9 78 76 45 74 45 54 61 28 42 84 99 4 25 2 15 98 79 17 57 44 40 37 67 80 68 93 46 99 54 44 97 47 17 10 62 99 49 15 93 1 41 99 18 17 77 71 18 24 2 83 61 84 69 85 59 30 16 25 85 3 79 17 73 95 83 30 92 19 28 40 42 78 40 38 11 23 61 62 37 5 3 76 46 50 56 44 67 8 68 1 50 73 69 15 68 86 74 93 
37 90 5 80 40 48 3 78 10 18 91 94 67 75 95 83 99 100 58 95 74 62 12 18 13 83 20 3 75 94 15 54 76 100 10 79 52 45 74 66 27 26 81 80 32 56 40 69 88 52 6 9 57 21 56 12 58 79 31 5 13 17 14 50 98 69 37 2 1 58 88 95 51 3 84 87 85 82 90 37 62 28 98 51 54 91 91 26 14 32 8 68 34 29 62 21 5 18 87 9 39 88 34 93 17 9 88 8 37 7 87 32 76 47 68 5 64 69 67 45 53 13 89 96 14 92 45 82 
12 29 31 47 47 17 17 99 2 97 85 62 32 62 49 41 34 25 57 14 15 28 82 92 93 64 51 87 94 45 61 54 75 55 43 89 100 47 31 89 64 89 2 54 39 30 25 21 49 13 37 15 32 58 24 100 96 88 42 90 6 80 99 36 99 44 97 31 34 24 20 84 37 38 72 16 56 77 11 40 11 93 20 63 62 33 99 8 69 53 78 52 44 69 31 29 31 81 75 92 82 14 22 44 69 97 96 3 42 82 23 37 95 48 22 74 85 76 66 29 33 63 42 71 34 67 85 12 
95 76 23 16 3 27 51 68 14 84 43 28 50 9 33 28 78 90 58 22 10 54 72 51 83 50 60 71 59 44 40 2 32 11 61 72 17 29 85 97 46 49 88 94 98 2 28 35 22 99 49 69 35 57 14 1 27 82 22 69 68 19 98 59 21 65 47 52 41 95 78 79 45 43 10 62 61 21 53 51 98 20 87 3 95 20 80 80 53 91 57 5 31 97 9 82 22 81 71 71 18 85 78 69 1 77 52 15 80 78 72 83 54 95 64 69 43 59 74 31 26 42 97 38 55 92 82 75 
76 5 95 2 20 75 83 63 52 69 67 62 17 30 33 73 19 69 44 35 1 42 55 39 53 97 77 24 1 37 8 24 98 76 49 44 47 89 12 98 13 30 7 34 38 51 72 69 32 82 26 60 16 17 1 23 90 85 35 77 63 16 1 46 48 70 70 50 96 35 68 18 45 72 28 24 31 98 44 100 42 11 48 60 65 48 10 52 70 35 45 27 92 26 23 4 34 27 61 32 54 33 44 74 19 39 90 44 79 76 59 98 43 26 80 77 82 51 99 62 68 73 84 34 72 13 64 68 
73 87 64 25 42 23 84 59 83 7 88 29 62 39 11 66 45 33 99 72 69 86 8 64 8 93 68 83 12 39 26 46 60 86 21 57 71 26 52 36 33 52 56 44 88 25 49 53 64 70 84 4 18 66 92 46 23 85 80 45 51 82 33 91 36 64 81 9 81 8 31 14 42 82 28 40 57 52 72 46 62 7 17 83 84 49 29 33 56 7 6 53 53 4 99 59 20 21 60 25 8 90 94 73 25 69 8 26 2 22 6 6 81 47 16 45 83 80 49 61 99 14 4 27 15 11 86 81 
40 93 46 36 17 5 30 100 79 53 74 2 79 18 21 68 40 22 70 19 59 52 37 37 85 61 67 46 56 97 48 30 40 49 94 95 31 35 81 55 10 39 69 90 42 71 15 77 4 67 71 53 53 35 61 10 61 70 91 79 96 1 19 53 5 19 98 18 6 46 43 43 4 29 40 9 5 99 98 13 80 80 11 58 64 87 13 68 15 60 76 53 11 79 92 3 98 36 52 72 55 84 70 40 57 93 40 29 11 97 38 35 88 28 58 63 88 15 32 42 19 51 90 85 10 35 42 7 
31 33 25 53 20 15 60 61 44 65 89 11 97 45 25 8 60 7 43 59 49 2 83 68 86 91 40 83 60 25 67 34 57 37 17 78 76 82 71 31 48 47 11 10 30 71 61 35 73 45 3 27 32 22 51 59 7 64 35 46 26 17 49 91 7 43 67 91 84 45 45 50 72 69 33 35 34 19 44 97 82 71 14 2 17 26 34 99 19 55 19 94 95 63 93 32 25 81 53 55 74 16 78 53 85 65 85 21 33 49 16 13 52 79 20 13 78 14 88 79 69 74 8 76 23 31 87 74 
100 42 49 95 33 19 84 88 13 98 1 61 12 70 78 76 26 94 65 12 85 70 23 68 17 38 85 28 22 37 7 51 31 53 40 90 14 62 66 8 51 64 50 35 78 4 49 21 60 76 32 74 69 26 1 38 67 23 76 45 69 14 17 35 30 40 42 13 60 37 11 41 12 91 72 18 8 60 35 90 22 50 42 68 23 62 67 35 36 10 67 44 99 40 96 69 85 90 11 91 11 80 28 54 15 6 42 38 100 59 94 64 25 2 52 81 97 78 25 18 83 73 23 69 12 81 81 74 
33 27 2 45 67 47 77 56 92 40 42 84 84 39 71 33 56 90 51 62 45 51 63 45 12 90 4 50 1 15 28 10 49 7 44 83 61 42 6 62 24 78 50 68 52 86 66 61 83 68 38 50 75 75 53 21 44 36 82 14 21 36 77 8 94 82 70 72 80 50 82 29 29 49 55 25 54 2 95 51 55 22 44 6 58 95 22 89 70 82 56 39 20 54 56 12 34 73 42 69 44 41 58 21 45 9 45 80 4 41 97 16 94 39 4 18 26 4 20 66 98 70 67 98 43 31 48 36 
84 62 32 57 34 96 11 41 84 78 44 85 77 66 30 40 71 67 55 61 75 8 77 43 44 71 95 86 61 38 19 1 1 2 82 41 25 84 31 1 33 81 79 79 78 28 4 82 63 25 73 3 62 1 81 53 73 89 16 88 10 66 23 6 87 10 66 16 21 51 98 22 96 68 52 26 2 93 16 42 32 95 70 69 2 53 6 35 92 60 82 47 51 89 32 84 25 32 29 71 19 63 14 28 85 92 93 83 9 40 18 61 81 92 57 75 7 54 11 34 18 20 77 32 74 94 44 50 
7 17 91 82 46 99 29 86 25 6 7 62 88 33 45 55 91 96 56 92 53 75 7 6 50 69 24 66 30 53 70 86 70 46 100 16 22 87 17 5 19 92 69 66 85 48 55 75 21 87 85 85 41 67 95 10 28 75 16 98 32 18 77 52 29 62 48 34 64 70 4 65 79 68 57 56 47 81 90 22 43 42 1 42 67 68 59 83 72 34 13 68 22 89 50 13 44 76 58 83 15 10 66 89 33 81 17 15 43 40 47 27 73 71 64 38 21 61 7 32 15 46 15 39 35 87 29 45 
55 34 59 4 47 50 5 37 18 11 31 20 7 85 74 71 4 19 6 9 25 14 94 42 64 7 58 96 3 10 42 91 11 75 83 60 60 46 72 82 50 37 21 35 2 25 42 38 43 58 90 16 58 7 34 36 76 14 77 18 83 71 64 76 40 43 98 40 51 70 70 100 19 73 7 83 16 78 73 83 6 33 21 7 64 72 57 43 81 25 81 6 62 39 65 59 12 10 8 55 75 14 24 10 31 62 19 44 34 21 41 74 22 46 71 57 12 89 48 70 57 38 50 19 56 56 27 45 
49 48 21 74 17 83 14 69 37 80 16 91 67 7 75 85 30 71 84 63 69 23 79 63 60 7 28 74 42 19 23 10 78 97 80 57 55 27 36 76 30 3 65 84 91 70 91 25 82 46 4 81 60 48 5 39 56 62 67 11 23 9 45 69 72 93 66 55 31 51 5 4 16 72 35 74 7 100 57 21 75 41 47 53 7 93 40 92 55 57 54 61 99 49 37 82 17 4 63 41 81 40 62 69 13 93 30 6 78 96 93 94 16 23 64 86 61 35 10 58 16 82 78 76 99 14 62 46 
43 34 91 46 68 92 96 90 49 71 93 12 96 41 74 19 89 28 44 38 31 64 36 76 40 60 36 37 42 66 73 1 58 84 73 27 16 61 17 95 31 46 2 83 14 69 93 2 27 56 11 62 91 22 86 63 70 43 86 48 48 76 74 26 48 84 35 95 81 41 85 21 43 87 71 99 47 95 66 59 4 38 61 97 39 31 16 75 66 51 96 1 62 100 89 74 11 68 7 23 75 14 22 76 49 28 17 33 3 47 93 15 75 40 89 76 10 29 1 39 29 4 36 10 91 78 26 40 
23 98 54 3 43 78 26 11 58 7 96 49 54 73 25 2 69 93 33 54 21 71 6 95 73 18 12 22 67 62 16 25 70 8 12 86 57 43 23 51 21 54 64 98 33 1 40 23 64 26 27 80 94 61 48 52 56 77 65 31 22 88 45 5 86 88 20 48 79 4 19 60 2 39 49 25 31 7 92 59 47 65 12 21 8 14 25 98 82 97 7 93 13 76 79 63 15 36 88 55 39 5 10 9 46 25 14 97 73 19 98 30 18 39 32 42 72 36 61 56 98 58 54 58 27 58 43 88 
43 79 58 96 24 70 46 78 35 7 24 39 5 13 90 26 22 8 66 27 21 6 66 27 64 73 58 59 77 86 45 43 4 40 47 54 87 7 62 20 72 19 19 35 10 78 20 86 46 29 100 51 19 60 66 51 84 56 38 27 37 25 80 69 9 45 39 63 71 40 77 63 98 20 3 88 89 20 59 48 91 60 16 14 58 42 10 74 75 16 87 43 13 21 66 41 83 85 21 87 16 41 68 42 3 70 52 30 80 96 69 97 35 90 7 74 27 53 66 19 28 66 33 86 37 71 69 48 
57 80 19 79 22 30 63 30 50 65 45 83 78 43 92 20 36 76 29 77 73 35 54 16 51 80 72 54 99 56 46 13 11 54 59 47 54 48 74 78 88 61 31 24 39 15 61 81 94 5 14 95 41 85 50 66 25 100 72 3 57 34 5 73 69 27 6 26 35 77 4 75 67 50 30 88 16 46 59 86 55 28 57 25 33 80 45 12 81 33 36 82 27 51 5 68 100 52 92 73 17 86 38 53 26 89 30 68 56 23 60 77 45 67 64 86 19 10 89 39 23 19 38 95 83 98 64 13 
51 11 89 35 49 60 85 47 74 32 23 83 99 77 86 74 31 37 37 87 91 20 80 38 36 61 88 5 99 82 48 97 79 57 1 53 70 97 3 69 37 36 69 3 49 26 50 70 62 58 85 64 39 99 38 74 82 65 31 29 78 97 10 15 86 7 39 54 84 47 72 40 14 86 99 28 39 1 48 65 61 41 52 40 13 54 5 54 4 34 18 46 45 46 58 72 22 75 16 27 24 72 26 84 85 68 50 47 92 82 64 98 100 72 53 32 61 72 72 23 51 36 35 89 59 17 20 11 
79 75 80 16 49 54 51 36 11 99 90 72 65 65 2 17 27 30 38 11 53 59 50 37 89 39 36 81 4 82 7 85 27 53 19 88 79 20 21 69 91 32 95 38 5 94 49 12 35 28 29 74 27 34 8 55 25 75 82 8 60 61 21 86 48 23 53 67 31 14 58 99 41 82 8 42 56 65 18 44 95 8 15 76 78 65 30 46 47 76 1 3 100 86 80 45 70 27 41 39 48 64 42 81 86 96 43 99 22 86 5 84 56 83 56 94 31 4 88 85 52 43 57 68 95 45 25 2 
63 11 12 73 2 9 39 75 28 56 82 86 72 49 58 74 13 29 83 32 5 82 73 89 15 2 54 87 42 35 47 75 77 82 30 4 93 12 36 22 54 41 46 67 65 31 81 66 70 87 62 45 16 86 99 49 93 50 59 71 99 6 28 45 75 48 31 50 18 42 100 30 85 63 23 33 94 18 61 85 11 31 95 54 36 9 28 94 48 16 17 89 21 87 62 47 62 49 51 23 64 56 92 50 95 66 8 28 5 83 76 63 33 2 23 62 74 68 13 31 94 26 72 100 21 95 39 47 
21 25 65 92 52 26 56 75 67 58 63 94 48 15 84 39 7 37 54 2 25 55 58 37 51 74 36 53 9 88 29 21 16 48 19 53 24 4 56 36 62 51 18 56 95 16 70 94 85 75 68 29 50 86 18 100 53 14 61 56 92 80 88 22 19 54 23 85 58 94 75 42 51 49 78 1 80 40 2 47 96 51 44 88 3 18 75 11 10 8 66 72 66 29 30 38 51 11 30 32 22 81 18 37 86 28 79 2 37 54 31 95 82 35 4 83 2 61 55 39 82 11 77 22 95 13 54 36 
7 91 91 92 78 31 42 44 95 61 65 30 21 41 2 5 62 62 2 73 91 9 43 59 99 75 52 85 100 55 7 20 95 59 32 19 52 62 57 23 51 82 79 7 53 67 8 54 33 64 27 42 8 32 43 52 11 23 20 29 65 63 62 40 36 13 43 93 100 36 23 11 41 64 71 13 80 15 63 58 37 40 11 99 23 56 43 74 5 9 49 52 100 93 75 78 93 55 57 51 32 3 62 52 93 76 23 90 46 13 31 40 93 56 81 76 96 83 54 88 86 16 6 100 15 49 57 98 
42 79 70 88 94 26 4 93 16 52 56 63 20 41 70 33 34 8 7 97 49 71 37 30 64 96 32 81 77 50 6 33 72 51 54 54 90 49 11 59 61 26 29 54 36 63 18 40 3 26 59 4 4 87 45 81 70 66 36 28 15 71 4 26 46 65 45 58 18 31 21 50 60 64 68 7 53 87 69 42 20 71 10 40 40 51 8 57 1 40 96 65 51 25 20 26 8 83 18 66 72 86 62 37 22 64 3 90 60 73 1 58 85 3 4 95 30 31 18 17 75 67 92 35 44 81 78 25 
15 64 55 34 43 5 20 64 34 89 36 93 75 97 47 81 43 82 20 89 13 75 17 94 51 59 78 11 35 55 86 50 30 100 34 77 12 60 94 20 60 71 33 67 73 83 26 78 81 33 44 99 49 51 31 63 65 97 8 20 2 47 8 42 1 82 8 64 25 11 39 33 44 70 70 50 62 4 12 26 67 14 58 25 34 71 77 37 2 91 40 79 16 6 91 44 49 36 96 27 89 94 96 34 75 14 89 7 43 82 95 41 46 14 55 22 21 67 55 72 21 19 68 31 73 58 4 77 
8 49 92 49 37 34 61 36 52 95 68 57 79 23 88 42 41 22 91 39 57 51 21 95 94 87 88 9 70 17 3 33 93 9 22 38 67 97 14 50 52 73 57 12 58 77 23 30 20 93 98 48 55 83 47 43 38 41 2 4 58 77 96 47 89 5 15 32 2 4 54 69 98 72 42 10 69 82 84 72 64 10 39 76 49 44 60 27 80 51 81 61 53 84 11 23 70 87 7 52 94 92 70 57 58 48 44 41 23 88 74 49 28 63 84 11 77 56 42 96 28 59 64 88 36 61 95 14 
79 8 66 49 24 75 3 49 8 89 54 21 28 97 87 13 16 35 3 62 31 29 91 41 99 68 28 44 10 15 50 8 76 52 99 24 99 55 11 25 41 20 2 27 89 24 33 86 9 42 73 65 65 53 96 63 88 18 53 50 75 40 62 32 98 36 84 44 91 10 74 70 92 91 50 55 69 33 41 39 97 100 1 43 33 2 28 33 71 9 87 49 27 39 40 59 24 6 31 95 65 42 26 12 5 56 35 60 28 72 63 10 19 57 73 45 79 63 49 64 64 45 17 74 91 36 75 65 
46 80 25 85 12 93 53 82 73 65 93 22 18 37 34 16 88 93 71 10 77 7 69 44 100 58 65 85 50 99 49 1 5 68 18 19 88 29 61 21 31 36 32 11 92 40 80 76 66 20 49 3 61 88 21 100 54 84 57 61 17 16 28 27 80 16 29 53 74 25 40 13 27 51 96 20 57 73 75 87 88 86 97 43 62 41 25 33 11 87 22 42 67 87 33 8 31 3 88 38 48 9 38 77 22 92 96 68 86 80 16 84 6 31 7 75 5 18 53 54 1 31 23 93 36 64 68 52 
99 36 53 79 17 21 53 77 15 74 85 61 46 21 87 80 45 99 45 35 9 83 28 12 38 81 98 98 20 48 93 6 31 61 57 7 78 21 4 50 58 9 15 67 97 36 55 23 12 35 10 14 54 20 64 62 6 63 49 36 12 85 88 23 55 17 68 43 61 81 26 72 43 40 42 7 63 14 10 40 24 41 5 97 16 61 91 5 4 74 86 44 99 40 16 66 79 12 58 67 89 57 80 62 43 81 26 97 61 61 94 63 75 27 67 55 100 50 94 8 44 75 51 78 97 62 98 72 
20 18 66 46 46 53 10 45 73 7 62 72 70 99 36 97 39 31 8 89 37 19 45 88 14 88 93 21 47 9 6 48 73 39 69 40 81 26 80 20 94 27 15 29 98 62 84 90 36 23 40 50 88 13 31 29 46 43 95 13 56 63 96 47 79 79 83 34 97 74 73 92 45 15 57 51 14 72 6 61 24 73 42 55 39 90 34 22 21 27 79 87 88 14 48 93 89 42 24 100 99 50 94 77 42 44 56 83 13 27 22 7 81 51 3 35 76 27 48 72 27 63 99 63 4 40 25 49 
67 29 12 5 17 23 100 62 49 54 56 56 55 81 75 28 26 56 76 55 75 49 58 50 98 41 16 52 95 32 44 24 21 6 71 70 9 7 33 7 7 81 68 31 92 65 90 35 88 24 87 63 42 30 32 41 48 80 62 91 9 62 45 93 4 74 24 43 95 68 57 49 99 98 6 20 5 59 51 76 10 87 60 34 11 60 62 65 32 100 33 7 27 21 84 81 47 98 4 91 57 52 22 32 21 71 88 94 6 95 22 76 44 41 65 1 46 10 23 53 55 21 100 17 87 47 37 79 
58 8 43 42 37 25 62 3 82 70 35 17 61 85 59 99 90 50 32 19 1 67 77 9 96 91 69 60 92 27 36 56 26 2 9 49 74 30 3 23 69 93 71 43 40 25 33 84 57 78 67 69 30 69 74 10 79 30 14 5 35 97 28 88 50 74 74 20 33 95 51 88 10 10 23 81 34 23 37 44 100 53 8 55 44 35 83 8 8 50 48 72 46 10 18 90 38 86 13 54 9 96 2 69 50 16 21 66 99 43 87 30 84 35 67 4 88 97 91 62 32 68 87 8 72 32 94 19 
15 97 39 8 22 92 6 14 8 43 31 56 52 89 79 71 87 16 58 100 61 7 76 5 10 30 46 50 97 12 68 74 43 67 100 61 57 58 30 76 16 86 58 99 4 21 1 67 32 57 95 88 95 29 96 44 10 81 51 25 30 50 99 56 5 52 80 86 24 51 29 15 50 75 6 4 28 80 24 25 84 12 68 68 50 79 36 60 53 66 24 18 38 27 73 80 86 43 35 11 65 76 12 66 99 69 86 99 90 52 74 29 89 7 95 27 79 53 28 9 62 95 58 72 89 5 88 31 
56 98 52 87 80 21 71 70 62 96 44 39 88 43 29 69 70 96 5 50 65 64 28 50 9 78 53 20 76 66 1 68 26 37 97 90 32 22 90 10 52 80 94 69 46 71 54 6 63 33 57 72 16 6 76 56 47 89 40 18 86 100 20 92 21 46 96 57 13 67 100 43 88 81 89 56 14 42 100 47 12 4 21 90 73 56 31 34 35 70 25 13 35 21 72 79 75 46 50 76 39 57 90 33 74 20 85 29 74 70 41 34 10 63 95 92 67 75 43 36 13 92 14 77 68 51 7 40 
2 53 99 30 59 74 1 15 18 19 6 35 34 25 31 87 25 93 20 85 59 69 10 88 34 26 84 72 56 68 91 68 62 87 78 24 48 20 23 69 81 67 79 51 28 54 15 31 71 78 68 37 39 96 53 20 57 78 47 51 35 95 45 90 54 29 100 54 10 9 72 48 62 85 37 73 90 57 93 1 74 34 19 10 25 30 43 4 26 83 87 57 98 4 9 11 62 29 10 38 42 71 14 44 41 23 49 24 79 46 45 3 69 9 21 13 28 25 42 21 25 45 55 23 36 83 79 74 
10 33 58 91 71 53 99 24 11 67 49 48 48 84 11 50 41 15 21 25 89 20 28 27 51 28 9 76 33 36 30 32 3 55 28 11 49 82 5 29 39 67 13 83 80 18 78 1 13 32 44 71 43 98 34 45 79 68 39 94 37 83 68 9 56 41 78 91 28 72 86 7 41 41 51 23 51 5 91 81 89 40 78 74 86 65 12 47 30 98 74 53 21 24 75 4 97 34 30 14 85 14 54 13 42 68 77 52 33 58 78 97 21 47 51 12 11 4 34 75 67 12 14 47 88 79 92 25 
62 77 82 53 91 84 79 43 45 95 40 11 27 1 91 55 2 65 91 53 69 47 91 11 66 75 58 97 35 80 10 53 36 48 64 71 15 6 8 66 98 4 28 99 28 74 98 75 71 35 33 23 40 10 29 11 83 51 80 82 20 76 11 8 14 86 45 57 48 88 48 62 30 6 29 73 56 2 86 82 44 95 47 71 68 25 46 40 15 33 86 35 33 97 25 86 1 99 60 22 50 50 56 46 43 77 71 81 32 55 33 8 18 55 71 71 58 72 59 37 41 47 21 83 86 56 6 21 
48 91 87 35 69 1 44 79 56 61 13 58 67 22 65 92 64 85 46 23 73 48 40 15 49 55 65 8 89 18 56 92 51 70 68 56 22 23 76 24 94 34 25 1 1 40 67 47 2 23 87 79 73 95 44 58 72 80 70 82 16 58 67 81 82 4 16 68 80 53 67 90 31 68 73 93 71 60 3 28 61 71 8 18 15 42 53 93 21 45 55 6 31 35 53 81 30 29 83 80 12 12 58 88 50 39 62 79 72 17 64 64 80 35 95 44 14 98 25 89 20 8 77 32 60 95 77 87 
54 82 89 55 16 98 70 76 47 52 67 58 96 29 23 54 47 46 1 18 83 21 81 85 69 24 64 39 61 61 22 7 99 61 89 50 50 28 81 79 63 77 2 55 64 27 9 43 59 4 86 56 24 85 89 98 49 45 76 64 17 72 61 55 15 67 77 76 1 67 19 67 49 51 45 50 23 27 100 15 90 77 78 33 7 12 73 16 83 59 49 66 41 86 82 48 68 65 15 6 18 62 2 84 33 11 49 82 81 92 64 57 95 61 41 82 27 76 8 70 72 50 51 30 4 42 65 17 
2 53 36 32 76 76 32 45 92 91 34 48 10 68 23 69 71 20 74 58 9 96 24 96 99 70 53 96 10 24 37 28 67 93 44 5 79 87 99 75 77 57 24 99 43 18 15 57 28 50 82 74 36 8 3 39 20 35 32 95 19 36 15 89 65 15 74 34 60 58 77 38 20 44 14 80 39 19 34 99 21 47 73 1 56 99 82 51 71 61 32 51 60 98 3 85 72 45 72 86 14 97 62 40 62 47 66 58 55 61 26 15 82 3 23 68 42 3 80 91 37 28 5 77 80 11 25 4 
42 78 80 50 61 64 4 28 58 100 14 26 38 89 56 98 56 78 80 59 64 3 75 92 73 16 30 9 32 21 21 45 77 6 47 5 85 99 70 20 72 98 27 31 68 59 11 15 98 33 91 17 89 63 61 93 20 6 1 42 86 97 23 45 52 53 93 92 67 58 15 45 49 1 13 82 17 79 97 43 41 22 10 75 38 67 19 43 24 8 72 29 16 51 42 15 60 43 70 70 10 49 48 70 7 5 12 75 54 70 4 30 63 3 27 56 69 12 17 30 15 32 72 9 86 16 51 8 
32 64 1 92 83 92 61 36 17 2 39 29 74 70 13 31 90 30 35 41 61 40 11 49 97 20 65 83 55 66 70 52 48 72 52 70 17 91 70 26 52 52 75 57 33 33 20 11 53 93 93 37 26 16 5 68 20 14 19 43 79 67 7 46 64 87 81 67 100 99 42 97 38 79 72 94 52 25 45 73 69 42 71 37 69 49 62 1 78 89 1 100 38 94 90 98 85 61 25 44 52 82 30 80 74 71 86 33 42 68 59 62 25 99 67 28 21 65 28 61 46 16 88 95 80 38 66 89 
22 14 51 48 22 26 43 45 4 53 9 25 79 93 52 97 25 79 54 55 78 5 37 43 73 1 89 87 74 41 5 43 100 94 37 16 49 97 39 69 21 11 68 75 68 84 2 3 50 34 40 18 29 62 42 77 90 47 49 96 24 62 93 55 21 22 21 47 5 9 98 6 92 66 61 83 3 4 38 16 59 80 5 40 57 7 82 35 37 26 19 68 88 5 3 62 35 8 52 26 87 92 54 16 29 3 90 4 47 35 80 39 20 29 93 6 10 27 19 30 99 70 18 1 92 58 62 8 
34 2 78 65 21 96 25 30 25 8 24 15 85 72 63 89 49 65 23 19 93 96 63 86 6 83 1 87 87 93 52 12 20 82 87 63 30 12 53 25 15 63 39 55 67 27 45 21 7 64 48 12 41 65 47 26 68 29 93 7 86 62 71 30 43 30 31 48 27 20 60 80 47 18 10 17 36 28 100 64 97 6 28 37 18 70 23 54 37 8 58 1 95 33 72 99 98 89 37 2 58 80 58 20 46 23 86 52 97 52 93 53 36 67 87 5 81 63 31 80 44 84 60 64 53 90 63 23 
54 66 66 62 94 31 49 5 83 89 16 1 84 21 40 33 50 91 89 52 84 7 62 17 33 22 67 85 21 33 68 49 30 7 51 63 4 35 84 38 6 64 54 31 91 12 9 88 45 87 33 71 74 57 94 60 56 48 50 7 93 46 67 66 18 19 25 23 47 64 98 32 8 60 21 31 10 13 55 77 73 93 56 10 60 6 25 3 82 91 50 31 88 58 91 69 27 42 27 54 79 72 52 2 28 53 44 81 55 65 55 64 93 19 98 44 80 35 40 18 18 80 47 84 54 47 93 27 
71 80 64 93 20 64 90 9 14 87 53 52 40 54 37 22 13 99 35 38 65 40 43 18 56 6 53 15 4 47 77 83 49 41 79 32 15 96 8 84 62 70 78 5 73 50 17 99 85 43 11 79 7 33 57 55 93 92 52 31 73 64 3 54 66 93 21 22 39 68 57 100 77 10 24 27 20 39 27 14 37 81 42 80 31 43 28 56 76 32 31 29 93 28 15 100 8 40 6 36 60 1 43 72 10 15 27 59 15 23 59 64 10 55 79 77 52 8 18 90 93 13 80 97 29 46 76 48 
70 83 54 73 43 25 20 53 89 21 31 69 82 85 16 17 60 28 11 29 46 90 12 28 13 90 93 14 32 77 39 75 96 56 20 90 11 26 33 39 55 69 79 79 71 57 95 80 45 36 30 88 54 27 78 55 14 85 99 17 54 95 40 24 39 92 34 30 52 34 77 65 59 61 52 72 32 86 76 5 11 11 64 64 43 45 8 27 55 17 97 29 75 23 3 16 94 56 22 66 15 31 70 8 98 98 70 54 8 6 59 49 77 49 8 18 41 46 9 71 37 38 25 71 68 65 72 46 
73 46 85 90 75 12 14 83 78 17 85 86 36 60 32 76 76 50 100 77 73 20 79 59 74 32 85 83 32 41 11 15 61 24 59 21 36 88 99 15 21 85 89 87 15 12 66 25 14 74 42 51 58 2 32 4 57 83 90 64 100 55 67 99 25 21 47 67 31 57 99 35 22 65 42 70 5 70 90 41 50 17 7 80 40 44 5 22 90 71 16 34 95 91 13 13 41 28 27 61 55 26 11 16 26 59 39 34 94 62 48 43 13 7 39 89 28 82 85 72 54 81 79 74 69 85 37 13 
66 75 41 59 28 87 14 38 52 30 49 4 99 97 76 60 49 68 86 65 92 96 50 55 76 55 31 56 70 18 15 33 63 53 74 77 34 16 14 20 64 6 40 32 99 97 90 60 13 29 95 18 31 22 26 42 93 74 91 39 39 56 10 6 12 86 10 49 86 1 97 55 7 14 88 53 66 3 29 82 5 76 87 45 34 4 94 18 19 51 20 76 15 80 36 15 69 30 100 74 23 50 4 78 68 20 33 67 1 72 87 74 38 35 18 73 91 42 90 35 16 60 10 43 94 87 63 10 
35 77 6 2 14 16 63 98 47 79 86 27 67 6 74 98 67 92 48 47 49 48 34 56 24 79 61 3 37 55 12 19 21 79 86 42 85 37 54 30 88 19 100 45 20 59 55 43 28 5 5 74 84 82 34 49 57 14 37 48 99 14 59 7 20 92 37 97 98 98 12 99 48 65 92 24 13 1 49 20 66 25 21 48 37 89 17 28 77 75 9 59 96 70 63 50 31 100 27 55 69 68 59 32 58 3 83 21 93 82 62 2 72 3 31 21 7 27 97 38 60 33 19 8 5 53 74 63 
2 55 60 34 13 29 65 70 35 58 32 56 68 37 48 12 50 93 72 6 86 6 72 42 52 60 9 22 65 2 58 35 57 10 8 36 70 82 59 57 97 50 2 100 7 45 88 72 44 10 56 3 99 16 99 2 87 59 92 90 76 41 4 61 1 79 14 93 44 44 20 44 82 36 20 85 9 76 10 50 83 2 23 3 29 63 13 58 36 68 83 51 34 9 84 46 13 43 91 58 67 42 82 92 70 30 91 100 98 73 34 88 3 53 24 87 56 2 12 91 20 54 4 74 96 28 94 65 
53 19 55 6 100 23 63 100 83 86 19 57 31 68 60 63 50 75 41 62 85 36 38 53 33 53 41 18 46 69 45 39 58 17 58 42 63 85 37 77 59 54 76 27 54 37 79 69 18 48 96 25 19 87 92 7 54 98 55 64 98 84 39 59 43 19 56 90 70 3 62 2 14 84 5 3 45 76 36 98 46 16 78 63 22 22 26 53 100 19 74 52 58 10 26 59 36 100 40 65 67 37 83 32 2 91 24 36 44 61 60 54 82 23 15 53 82 93 12 69 69 49 30 9 97 29 15 76 
42 4 39 40 25 31 99 63 65 86 11 67 50 49 64 47 55 46 2 99 56 100 73 68 4 84 91 92 11 74 97 60 76 74 17 14 45 41 96 98 14 19 23 64 23 82 87 96 68 59 9 92 23 91 91 77 61 53 60 76 93 61 86 31 34 84 78 72 22 7 44 82 46 1 48 14 87 49 52 91 41 35 34 81 92 98 28 58 37 18 14 98 30 55 12 52 88 41 90 30 44 85 68 30 96 40 77 65 27 91 30 65 67 51 86 41 34 1 37 15 43 5 98 81 2 34 29 24 
55 85 28 19 31 47 80 3 16 16 76 54 22 26 54 89 85 9 41 69 13 96 54 29 67 72 89 78 22 96 39 91 66 52 38 67 28 13 44 32 98 69 43 77 44 60 36 80 83 47 43 20 57 28 2 20 78 81 74 93 25 15 70 36 26 14 30 60 10 52 75 58 83 39 11 85 30 43 12 21 54 4 75 39 87 23 95 79 19 18 72 57 11 89 32 51 21 8 25 35 77 82 47 28 54 3 88 55 43 45 37 77 41 11 55 97 86 90 95 75 46 9 6 26 9 24 24 34 
82 100 6 27 30 5 14 95 40 63 14 87 7 49 84 15 28 6 5 88 66 22 51 15 28 41 37 78 6 14 29 90 82 91 99 89 24 67 21 55 47 24 68 4 11 18 50 12 48 88 50 61 32 93 67 48 76 2 61 14 54 30 84 66 75 81 62 36 47 70 63 43 61 91 64 86 33 38 45 16 8 89 50 58 51 25 35 29 82 44 78 65 98 96 13 15 24 3 93 2 80 92 58 36 46 98 20 42 52 36 37 86 60 41 36 11 19 57 26 23 14 19 55 76 77 16 28 32 
73 87 22 83 34 99 8 17 40 15 57 32 69 60 16 18 4 8 78 43 61 8 42 66 21 79 33 26 27 78 56 51 43 95 85 96 45 34 3 43 65 40 98 75 18 38 52 54 17 18 10 35 60 52 61 69 58 40 89 77 76 18 50 48 65 58 24 85 46 25 49 13 85 75 5 84 94 14 7 35 86 99 41 55 64 36 20 17 98 50 65 53 85 88 79 72 15 35 77 13 64 48 79 32 74 51 72 26 50 80 91 84 44 47 47 66 45 32 74 69 19 57 77 36 69 88 96 79 
17 20 58 5 55 62 4 12 22 63 37 58 36 45 73 27 33 87 75 20 76 20 33 26 51 10 79 91 13 34 48 68 36 72 81 8 35 9 62 40 56 9 66 64 30 67 36 64 11 77 75 58 20 100 23 27 62 51 89 17 87 27 94 76 84 83 31 59 17 13 7 45 25 84 99 15 40 19 22 72 78 74 65 48 2 88 94 53 3 93 1 95 33 13 85 14 83 9 95 22 40 44 80 58 12 48 14 75 33 90 53 31 44 35 2 13 77 12 12 92 98 13 73 4 15 22 22 35 
67 38 31 12 5 91 9 24 53 29 21 34 37 82 10 32 35 82 46 34 25 53 65 7 55 53 38 42 23 64 93 67 83 94 33 41 74 58 42 90 24 83 38 1 8 53 25 72 51 37 25 50 58 37 63 98 90 23 95 65 83 5 74 9 20 29 66 10 73 65 78 13 50 70 15 79 35 33 14 86 70 51 38 22 13 9 96 47 32 62 50 22 7 51 25 1 80 95 94 43 54 45 7 24 62 46 41 93 28 12 16 55 18 43 87 38 57 30 14 99 53 41 41 17 41 96 61 60 
77 12 57 87 95 16 99 60 73 68 75 62 98 20 57 94 31 67 42 73 18 38 15 49 3 2 77 45 91 15 84 74 3 65 26 83 74 12 83 33 73 54 79 24 46 7 11 100 55 70 12 95 85 27 88 95 48 80 74 27 56 31 80 6 92 100 79 91 27 79 38 62 64 25 83 11 38 72 43 37 16 36 77 30 41 99 36 41 91 11 80 70 33 50 90 61 27 2 26 66 84 83 98 40 26 70 88 12 33 95 5 80 17 13 80 91 66 48 21 68 21 99 46 43 45 27 73 46 
1 84 52 84 7 3 13 66 49 3 66 75 52 72 100 42 7 13 10 21 1 73 89 64 1 76 98 38 76 66 11 50 15 93 9 82 48 34 93 49 71 42 57 99 42 47 50 78 12 84 52 46 13 97 37 56 71 42 58 2 38 87 70 97 54 72 84 84 57 54 60 36 72 6 37 81 15 16 33 53 3 2 96 54 98 54 53 12 51 97 23 7 8 58 35 18 78 35 39 73 44 22 95 16 10 38 21 36 75 19 10 34 29 47 3 26 16 63 9 42 74 6 57 18 53 96 82 22 
57 57 32 54 16 14 61 85 55 56 26 9 91 84 33 66 84 60 68 94 52 56 60 95 15 31 63 87 6 67 67 88 9 13 64 26 6 22 80 14 58 39 36 96 54 52 2 32 75 83 93 85 53 49 88 94 62 1 79 25 89 88 70 5 61 81 35 42 40 18 86 44 76 63 43 88 25 77 40 25 50 89 12 15 64 6 23 5 48 77 11 69 92 56 22 68 86 64 49 82 45 58 72 62 16 76 7 65 50 100 56 9 6 87 66 26 52 7 50 64 48 21 72 74 63 49 44 78 
35 70 81 81 2 15 50 93 94 50 87 33 11 74 78 59 50 79 31 79 85 17 73 84 18 23 74 61 45 64 40 14 4 3 8 31 93 7 84 36 2 97 84 49 48 69 90 20 30 39 19 33 87 78 47 53 27 77 36 66 73 46 2 57 65 67 11 17 57 3 89 96 81 57 34 36 63 39 56 47 47 2 9 30 83 83 54 94 18 5 44 56 50 22 74 35 39 31 39 79 30 24 39 88 82 70 9 36 86 83 68 1 4 35 90 42 20 45 20 44 79 98 56 84 69 99 19 43 
21 97 47 16 77 68 88 33 34 40 17 13 8 52 97 18 89 44 83 94 42 86 98 10 15 75 97 61 52 71 90 22 20 66 90 49 89 84 13 59 7 8 2 60 50 80 72 5 66 92 78 6 58 48 56 41 69 26 63 91 51 77 91 83 54 3 95 25 18 73 45 1 23 8 11 92 59 46 41 14 76 11 3 17 99 85 86 24 65 70 90 36 8 73 46 47 89 74 59 81 81 82 34 4 78 78 97 47 11 50 36 34 74 69 56 28 29 39 27 92 39 59 9 10 33 63 31 9 
69 76 46 45 21 70 14 15 78 84 80 86 11 68 45 65 57 26 71 58 5 29 13 81 40 9 98 89 25 3 10 70 76 6 60 100 6 87 43 27 45 60 52 31 89 64 7 10 36 14 54 24 78 91 90 34 23 72 95 38 49 93 98 38 48 27 73 55 5 92 95 71 7 40 4 58 76 82 15 50 63 25 43 61 60 76 27 72 61 29 13 45 95 21 32 64 25 98 92 9 8 29 67 52 74 54 2 35 89 14 17 36 6 23 46 66 95 54 79 18 33 94 100 25 49 19 4 36 
97 13 62 87 10 22 38 50 100 1 44 20 14 68 45 29 74 65 49 55 84 8 24 41 31 48 75 47 59 71 86 20 62 99 67 100 88 79 14 84 84 9 35 96 62 37 51 65 58 77 63 71 58 2 20 12 95 35 60 38 100 10 77 85 67 12 23 21 92 24 13 15 35 74 47 69 73 59 74 83 58 16 43 15 10 52 85 80 74 36 45 19 8 82 91 46 33 76 86 45 25 97 44 10 8 56 23 68 80 23 40 99 51 39 46 10 95 55 17 33 27 25 59 61 15 16 62 85 
95 15 12 57 23 18 35 46 3 15 41 16 46 34 59 70 28 32 96 37 25 89 72 66 26 80 30 69 82 61 47 98 97 81 28 69 15 23 34 70 96 11 19 89 63 78 64 60 89 21 89 99 12 15 24 15 88 8 61 62 96 7 54 50 31 30 99 44 60 1 40 75 44 32 6 25 48 25 6 72 15 21 56 29 29 77 67 58 76 48 22 89 73 68 10 85 66 14 25 75 75 50 75 20 82 38 26 82 80 58 23 51 97 87 34 11 39 4 15 44 94 42 19 22 58 35 97 82 
81 85 42 45 74 56 45 46 55 49 71 8 3 12 73 49 3 69 28 88 6 66 66 32 26 61 61 56 89 15 49 29 100 60 57 23 99 85 11 65 18 54 68 48 54 69 1 57 82 18 11 60 51 25 9 87 5 9 96 44 1 34 19 60 28 21 48 40 22 51 84 28 7 71 14 30 28 60 35 11 57 14 30 88 93 84 83 16 2 22 8 61 87 95 83 9 44 18 25 17 37 52 66 60 2 89 46 77 85 33 95 16 32 41 64 52 8 66 14 97 70 68 13 8 73 22 1 52 
76 97 5 98 74 34 75 96 60 57 66 33 81 16 17 56 55 79 96 59 73 41 80 50 72 15 2 45 42 51 16 10 93 40 40 82 84 60 53 77 52 94 82 72 29 89 88 82 55 40 83 38 55 64 82 73 84 63 100 19 43 2 66 6 78 57 53 30 20 74 54 18 90 47 72 83 8 12 89 27 67 68 13 77 82 35 72 63 58 44 35 34 47 43 69 9 23 26 2 57 57 100 27 72 2 66 14 21 23 61 81 58 8 7 82 87 14 5 22 67 27 22 7 55 90 58 62 23 
1 58 81 36 67 49 35 71 89 30 25 92 72 28 77 52 4 2 50 36 4 76 55 30 98 61 83 2 72 48 9 31 63 60 91 98 51 47 100 50 3 86 61 28 54 22 84 29 29 59 52 85 99 96 85 47 28 90 69 54 50 27 17 18 33 42 64 64 3 98 56 22 34 80 42 54 86 29 57 12 67 19 58 14 76 27 10 12 47 71 71 76 11 92 55 47 88 11 71 45 13 92 96 34 88 23 96 50 90 58 35 34 12 91 6 66 2 86 79 97 33 62 2 64 3 92 8 23 
10 71 22 10 1 34 32 15 80 55 50 51 9 62 15 66 70 77 5 38 13 1 32 15 42 57 74 65 71 53 14 86 62 94 59 55 10 76 28 28 75 88 38 22 19 11 13 56 61 83 2 85 33 16 92 86 40 82 39 19 18 89 98 87 17 84 63 59 16 22 99 14 39 63 62 78 89 91 29 94 11 44 11 52 51 92 37 69 5 60 16 91 76 90 3 50 93 46 18 67 19 25 51 20 62 50 59 32 46 37 50 70 98 63 18 43 50 39 29 65 60 78 62 69 42 2 95 76 
89 10 76 74 52 15 6 35 36 58 72 15 18 64 54 88 74 42 44 49 42 47 53 81 74 26 5 32 3 48 92 1 77 13 29 37 6 46 9 19 36 55 79 84 57 74 31 25 33 48 81 91 32 58 45 34 58 27 73 49 75 36 31 72 46 56 68 35 1 12 23 7 46 82 94 23 44 46 30 65 21 45 57 8 87 94 61 79 36 97 34 79 38 86 68 10 59 1 22 73 18 63 30 76 62 37 2 35 54 12 18 95 21 65 36 32 71 61 44 13 13 24 88 39 1 5 15 43 
24 14 59 43 68 94 32 77 61 90 23 16 28 84 49 47 2 72 17 21 5 45 92 72 31 24 10 72 27 79 67 38 98 25 15 64 19 84 55 67 26 75 49 20 61 90 30 63 2 62 73 21 43 85 51 35 52 13 73 43 17 48 9 35 44 28 26 76 39 95 37 9 89 26 40 56 49 74 52 84 48 95 44 100 64 97 58 87 12 75 25 40 94 58 10 55 38 17 3 49 89 70 43 44 58 38 91 27 12 96 64 33 1 67 6 55 9 17 100 19 58 22 46 10 42 46 92 50 
5 22 55 36 24 33 52 84 22 10 71 91 67 32 62 36 7 71 7 6 48 93 55 64 50 71 88 90 77 96 31 87 76 66 34 20 61 92 70 48 13 72 16 28 61 38 1 93 89 97 94 92 44 93 17 97 92 64 38 39 40 4 57 3 95 73 88 3 43 71 15 65 5 51 98 47 31 23 87 13 79 2 89 13 58 97 100 99 1 47 89 78 2 55 84 9 86 35 73 13 46 10 96 34 88 43 93 44 11 5 10 12 90 11 14 63 76 69 38 58 36 30 1 82 27 7 49 58 
82 40 80 39 2 30 73 32 61 40 48 6 99 26 15 45 45 10 62 19 81 21 19 1 1 91 38 16 44 10 40 77 98 76 3 89 76 65 30 74 69 66 44 78 51 36 70 77 44 57 60 56 82 81 85 32 49 100 68 4 72 22 65 99 55 31 4 62 23 4 30 49 66 81 1 63 85 73 91 11 36 3 42 100 17 94 62 28 7 3 26 61 27 89 84 100 88 57 52 51 32 48 31 88 55 42 7 86 83 19 81 92 76 99 42 39 53 50 32 73 15 3 53 23 54 70 80 59 
13 38 82 3 45 47 71 64 13 35 86 30 85 44 2 71 100 31 65 82 50 27 25 59 90 71 94 88 92 36 87 1 18 95 36 91 76 66 43 85 30 49 1 4 93 63 60 9 56 50 87 65 33 79 98 48 26 13 26 73 73 81 91 21 76 6 88 10 93 90 26 6 9 5 50 40 41 72 56 38 37 4 84 11 17 16 54 83 2 32 68 89 30 44 1 88 66 57 19 13 58 14 90 52 94 21 99 89 20 87 38 33 78 73 72 69 82 57 55 10 99 28 3 69 82 45 8 81 
80 26 45 80 1 17 17 90 46 83 53 68 19 36 9 7 28 73 34 46 69 73 47 13 83 37 22 72 81 56 62 85 91 95 50 10 41 29 49 61 100 41 20 76 85 31 63 15 14 48 91 71 44 86 27 90 61 91 82 80 75 29 93 92 46 6 26 95 95 61 44 12 68 77 75 78 62 100 6 54 72 10 99 63 6 95 15 74 53 22 47 97 5 32 90 33 5 41 60 52 6 5 47 100 79 5 68 21 54 19 35 27 18 3 54 71 44 20 51 75 92 63 49 89 6 49 57 17 
41 7 86 53 46 37 89 21 99 75 13 50 98 80 66 43 49 72 84 27 80 93 58 9 53 76 20 5 74 48 22 23 68 48 30 98 15 49 24 10 15 98 31 60 85 23 3 21 68 55 88 90 93 30 82 100 57 22 67 28 38 78 29 72 85 3 64 37 10 13 22 12 84 86 78 12 39 73 65 18 91 62 3 45 60 63 21 11 34 98 31 55 49 33 77 95 93 14 90 85 86 85 8 10 44 83 13 50 13 32 97 2 83 31 38 31 83 4 92 14 98 30 56 49 56 31 19 25 
46 20 19 76 60 37 26 65 78 33 34 45 50 58 27 76 15 36 30 45 96 49 67 22 37 76 22 56 1 30 59 73 39 25 90 39 79 89 8 8 47 44 3 94 90 53 3 21 39 79 62 10 59 11 37 87 49 62 81 84 58 44 57 56 13 2 20 21 51 78 37 12 57 56 57 12 6 35 93 92 52 98 81 39 59 48 12 36 48 46 52 30 91 63 89 66 50 49 93 30 44 86 83 24 27 77 36 44 57 6 85 50 93 28 38 100 80 37 54 70 22 51 93 18 94 1 18 66 
84 71 61 100 55 83 4 33 82 12 80 57 3 84 86 30 82 36 90 52 98 39 16 96 5 29 62 23 57 13 65 97 23 68 79 84 43 83 77 99 32 99 68 8 97 68 57 41 84 24 61 15 54 56 66 63 11 36 24 50 63 38 66 70 50 41 77 97 28 52 29 25 28 75 13 45 54 70 46 67 6 23 79 62 15 50 28 94 63 91 42 58 25 2 13 74 65 52 49 73 91 4 46 88 98 9 68 39 82 90 53 99 68 65 40 61 77 88 45 18 98 80 90 32 82 8 46 100 
76 67 28 8 75 69 30 35 51 35 86 87 53 40 98 66 2 46 47 31 28 93 79 7 94 54 70 44 2 44 65 53 72 16 82 87 52 26 3 27 74 55 58 8 32 48 88 75 53 30 69 89 89 67 12 36 78 30 59 29 49 46 85 41 84 93 18 18 86 67 7 27 63 100 11 47 46 58 48 71 72 77 14 3 40 97 13 94 19 54 69 39 80 98 75 11 56 61 10 32 6 72 39 8 95 1 8 3 52 62 94 41 28 16 58 68 87 83 5 36 31 43 48 91 14 69 27 55 
8 79 4 54 99 28 78 82 89 24 50 69 97 4 22 10 63 5 49 36 68 9 62 31 41 9 48 53 100 73 81 70 41 5 13 31 18 81 62 68 77 32 73 60 93 40 20 82 67 69 34 16 78 39 46 18 53 33 56 52 44 11 100 60 35 66 25 68 6 87 45 95 35 85 17 17 80 11 59 96 40 33 2 76 46 89 7 78 16 57 65 9 84 64 2 5 76 50 24 25 35 84 100 30 20 11 58 36 27 71 33 36 60 19 41 71 90 55 43 67 25 27 67 31 20 94 85 55 
34 13 37 89 41 25 91 82 63 2 7 4 61 25 84 23 85 17 11 50 60 17 42 12 16 17 94 51 10 47 6 73 52 11 89 36 21 50 62 98 9 86 82 66 6 94 45 89 15 13 8 84 32 4 46 17 74 69 14 25 76 49 73 89 22 96 80 100 30 75 16 71 81 19 65 25 15 13 35 69 28 29 28 2 45 90 49 91 94 57 62 36 2 14 81 48 81 56 74 70 56 5 7 28 11 57 81 74 35 65 92 44 86 48 42 24 31 69 65 54 16 87 12 53 62 64 44 29 
